time_s,step_s,temperature_min_C,temperature_max_C,moisture_min,moisture_max,surface_temperature_C,surface_moisture,mean_temperature_C,mean_moisture
5.840361436662467534e-07,5.840361436662467534e-07,2.800000000000000000e+01,2.800000000000005329e+01,2.549998072770029545e+00,2.549999999999999822e+00,2.800000000000005329e+01,2.549998072770029545e+00,2.800000000000000000e+01,2.549999999905419035e+00
1.168072287332493507e-06,5.840361436662467534e-07,2.800000000000000000e+01,2.800000000000015277e+01,2.549996156797664781e+00,2.549999999999999822e+00,2.800000000000015277e+01,2.549996156797664781e+00,2.800000000000000000e+01,2.549999999810838247e+00
2.320633035749282321e-06,1.152560748416788814e-06,2.800000000000000000e+01,2.800000000000047251e+01,2.549992404883123953e+00,2.549999999999999822e+00,2.800000000000047251e+01,2.549992404883123953e+00,2.800000000000000000e+01,2.549999999624188440e+00
3.473193784166071347e-06,1.152560748416789026e-06,2.800000000000000000e+01,2.800000000000094147e+01,2.549988694734234063e+00,2.549999999999999822e+00,2.800000000000094147e+01,2.549988694734234063e+00,2.800000000000000000e+01,2.549999999437539966e+00
4.625754532582859949e-06,1.152560748416788602e-06,2.800000000000000000e+01,2.800000000000152767e+01,2.549985027189250797e+00,2.549999999999999822e+00,2.800000000000152767e+01,2.549985027189250797e+00,2.800000000000000000e+01,2.549999999250891047e+00
7.665570307607307270e-06,3.039815775024447321e-06,2.800000000000000000e+01,2.800000000000348876e+01,2.549975554287116086e+00,2.549999999999999822e+00,2.800000000000348876e+01,2.549975554287116086e+00,2.800000000000000000e+01,2.549999998758615494e+00
1.070538608263175459e-05,3.039815775024447321e-06,2.800000000000000000e+01,2.800000000000598277e+01,2.549966363172909034e+00,2.549999999999999822e+00,2.800000000000598277e+01,2.549966363172909034e+00,2.800000000000000000e+01,2.549999998266342160e+00
1.374520185765620191e-05,3.039815775024447321e-06,2.800000000000000000e+01,2.800000000000890310e+01,2.549957441655771984e+00,2.549999999999999822e+00,2.800000000000890310e+01,2.549957441655771984e+00,2.800000000000000000e+01,2.549999997774070604e+00
1.916244571342455306e-05,5.417243855768351146e-06,2.800000000000000000e+01,2.800000000001499956e+01,2.549942175187257298e+00,2.549999999999999822e+00,2.800000000001499956e+01,2.549942175187257298e+00,2.800000000000000000e+01,2.549999996896799903e+00
2.457968956919290421e-05,5.417243855768351146e-06,2.800000000000000000e+01,2.800000000002205880e+01,2.549927663434660374e+00,2.549999999999999822e+00,2.800000000002205880e+01,2.549927663434660374e+00,2.800000000000000000e+01,2.549999996019533643e+00
2.999693342496125535e-05,5.417243855768351146e-06,2.800000000000000000e+01,2.800000000002996359e+01,2.549913846324145972e+00,2.549999999999999822e+00,2.800000000002996359e+01,2.549913846324145972e+00,2.800000000000001066e+01,2.549999995142272713e+00
3.541417728072960311e-05,5.417243855768347758e-06,2.800000000000000000e+01,2.800000000003863931e+01,2.549900669881109749e+00,2.549999999999999822e+00,2.800000000003863931e+01,2.549900669881109749e+00,2.800000000000001066e+01,2.549999994265016667e+00
4.440225947517046848e-05,8.988082194440865367e-06,2.800000000000000000e+01,2.800000000005456258e+01,2.549880091452346953e+00,2.549999999999999822e+00,2.800000000005456258e+01,2.549880091452346953e+00,2.800000000000001066e+01,2.549999992809516947e+00
5.339034166961133384e-05,8.988082194440865367e-06,2.800000000000000000e+01,2.800000000007223733e+01,2.549860947075009765e+00,2.549999999999999822e+00,2.800000000007223733e+01,2.549860947075009765e+00,2.800000000000001776e+01,2.549999991354028328e+00
6.237842386405220599e-05,8.988082194440872143e-06,2.800000000000000000e+01,2.800000000009148593e+01,2.549843067485378256e+00,2.549999999999999822e+00,2.800000000009148593e+01,2.549843067485378256e+00,2.800000000000002487e+01,2.549999989898550368e+00
7.136650605849307813e-05,8.988082194440872143e-06,2.800000000000000000e+01,2.800000000011220536e+01,2.549826305563772433e+00,2.549999999999999822e+00,2.800000000011220536e+01,2.549826305563772433e+00,2.800000000000002842e+01,2.549999988443082177e+00
8.035458825293395027e-05,8.988082194440872143e-06,2.800000000000000000e+01,2.800000000013427126e+01,2.549810533650423761e+00,2.549999999999999822e+00,2.800000000013427126e+01,2.549810533650423761e+00,2.800000000000003908e+01,2.549999986987623757e+00
9.250996006058370376e-05,1.215537180764975349e-05,2.800000000000000000e+01,2.800000000016615331e+01,2.549790584258601278e+00,2.549999999999999822e+00,2.800000000016615331e+01,2.549790584258601278e+00,2.800000000000004619e+01,2.549999985019292925e+00
1.046653318682334573e-04,1.215537180764975349e-05,2.800000000000000000e+01,2.800000000020021673e+01,2.549772014211169946e+00,2.549999999999999822e+00,2.800000000020021673e+01,2.549772014211169946e+00,2.800000000000006040e+01,2.549999983050977637e+00
1.168207036758832107e-04,1.215537180764975349e-05,2.800000000000000000e+01,2.800000000023633362e+01,2.549754632697843526e+00,2.549999999999999822e+00,2.800000000023633362e+01,2.549754632697843526e+00,2.800000000000007461e+01,2.549999981082676115e+00
1.289760754835329642e-04,1.215537180764975349e-05,2.800000000000000000e+01,2.800000000027439384e+01,2.549738280563462745e+00,2.549999999999999822e+00,2.800000000027439384e+01,2.549738280563462745e+00,2.800000000000008882e+01,2.549999979114387916e+00
1.411314472911827313e-04,1.215537180764976704e-05,2.800000000000000000e+01,2.800000000031431213e+01,2.549722824654284015e+00,2.549999999999999822e+00,2.800000000031431213e+01,2.549722824654284015e+00,2.800000000000010658e+01,2.549999977146112151e+00
1.554382532480702041e-04,1.430680595688747282e-05,2.800000000000000000e+01,2.800000000036354209e+01,2.549705630840947368e+00,2.549999999999999822e+00,2.800000000036354209e+01,2.549705630840947368e+00,2.800000000000012790e+01,2.549999974829476823e+00
1.697450592049576769e-04,1.430680595688747282e-05,2.800000000000000000e+01,2.800000000041510972e+01,2.549689374468117720e+00,2.549999999999999822e+00,2.800000000041510972e+01,2.549689374468117720e+00,2.800000000000015632e+01,2.549999972512857038e+00
1.840518651618451497e-04,1.430680595688747282e-05,2.800000000000000000e+01,2.800000000046890136e+01,2.549673932467790394e+00,2.549999999999999822e+00,2.800000000046890136e+01,2.549673932467790394e+00,2.800000000000017408e+01,2.549999970196251908e+00
1.983586711187326226e-04,1.430680595688747282e-05,2.800000000000000000e+01,2.800000000052483884e+01,2.549659202935537827e+00,2.549999999999999822e+00,2.800000000052483884e+01,2.549659202935537827e+00,2.800000000000020606e+01,2.549999967879660989e+00
2.126654770756200954e-04,1.430680595688747282e-05,2.800000000000000000e+01,2.800000000058284044e+01,2.549645101074769826e+00,2.549999999999999822e+00,2.800000000058284044e+01,2.549645101074769826e+00,2.800000000000023803e+01,2.549999965563082061e+00
2.308354211989463889e-04,1.816994412332629356e-05,2.800000000000000000e+01,2.800000000065936234e+01,2.549627985732403346e+00,2.549999999999999822e+00,2.800000000065936234e+01,2.549627985732403346e+00,2.800000000000027711e+01,2.549999962620997263e+00
2.490053653222727096e-04,1.816994412332632067e-05,2.800000000000000000e+01,2.800000000073896800e+01,2.549611650243371663e+00,2.549999999999999822e+00,2.800000000073896800e+01,2.549611650243371663e+00,2.800000000000032685e+01,2.549999959678932004e+00
2.671753094455990574e-04,1.816994412332634777e-05,2.800000000000000000e+01,2.800000000082154372e+01,2.549595998322614854e+00,2.549999999999999822e+00,2.800000000082154372e+01,2.549595998322614854e+00,2.800000000000037303e+01,2.549999956736884954e+00
2.853452535689254051e-04,1.816994412332634777e-05,2.800000000000000000e+01,2.800000000090697938e+01,2.549580950671312962e+00,2.549999999999999822e+00,2.800000000090697938e+01,2.549580950671312962e+00,2.800000000000042633e+01,2.549999953794856111e+00
3.035151976922517529e-04,1.816994412332634777e-05,2.800000000000000000e+01,2.800000000099518971e+01,2.549566441472222333e+00,2.549999999999999822e+00,2.800000000099518971e+01,2.549566441472222333e+00,2.800000000000048317e+01,2.549999950852844144e+00
3.274923087436158796e-04,2.397711105136412666e-05,2.800000000000000000e+01,2.800000000111569065e+01,2.549548026935890999e+00,2.549999999999999822e+00,2.800000000111569065e+01,2.549548026935890999e+00,2.800000000000056488e+01,2.549999946970582076e+00
3.514694197949800062e-04,2.397711105136412666e-05,2.800000000000000000e+01,2.800000000124069999e+01,2.549530351685069807e+00,2.549999999999999822e+00,2.800000000124069999e+01,2.549530351685069807e+00,2.800000000000064304e+01,2.549999943088347543e+00
3.754465308463441329e-04,2.397711105136412666e-05,2.800000000000000000e+01,2.800000000137005429e+01,2.549513332073714000e+00,2.549999999999999822e+00,2.800000000137005429e+01,2.549513332073714000e+00,2.800000000000073186e+01,2.549999939206140098e+00
3.994236418977082596e-04,2.397711105136412666e-05,2.800000000000000000e+01,2.800000000150361501e+01,2.549496898756615781e+00,2.549999999999999822e+00,2.800000000150361501e+01,2.549496898756615781e+00,2.800000000000082423e+01,2.549999935323957967e+00
4.234007529490723862e-04,2.397711105136412666e-05,2.800000000000000000e+01,2.800000000164125424e+01,2.549480993684156260e+00,2.549999999999999822e+00,2.800000000164125424e+01,2.549480993684156260e+00,2.800000000000092371e+01,2.549999931441800705e+00
4.560110097108982454e-04,3.261025676182585913e-05,2.800000000000000000e+01,2.800000000183478122e+01,2.549460122582869470e+00,2.549999999999999822e+00,2.800000000183478122e+01,2.549460122582869470e+00,2.800000000000107292e+01,2.549999926161880648e+00
4.886212664727241587e-04,3.261025676182591334e-05,2.800000000000000000e+01,2.800000000203537098e+01,2.549440037234790957e+00,2.549999999999999822e+00,2.800000000203537098e+01,2.549440037234790957e+00,2.800000000000123990e+01,2.549999920882003668e+00
5.212315232345501263e-04,3.261025676182596755e-05,2.800000000000000000e+01,2.800000000224277485e+01,2.549420654535662578e+00,2.549999999999999822e+00,2.800000000224277485e+01,2.549420654535662578e+00,2.800000000000140332e+01,2.549999915602167544e+00
5.538417799963760938e-04,3.261025676182596755e-05,2.800000000000000000e+01,2.800000000245677967e+01,2.549401904766205540e+00,2.549999999999999822e+00,2.800000000245677967e+01,2.549401904766205540e+00,2.800000000000159162e+01,2.549999910322371388e+00
5.864520367582020614e-04,3.261025676182596755e-05,2.800000000000000000e+01,2.800000000267719003e+01,2.549383728906549962e+00,2.549999999999999822e+00,2.800000000267719003e+01,2.549383728906549962e+00,2.800000000000177991e+01,2.549999905042613424e+00
6.308956795024640851e-04,4.444364274426202376e-05,2.800000000000000000e+01,2.800000000298756575e+01,2.549359791809306053e+00,2.549999999999999822e+00,2.800000000298756575e+01,2.549359791809306053e+00,2.800000000000205702e+01,2.549999897847034180e+00
6.753393222467261089e-04,4.444364274426202376e-05,2.800000000000000000e+01,2.800000000330907923e+01,2.549336721946198647e+00,2.549999999999999822e+00,2.800000000330907923e+01,2.549336721946198647e+00,2.800000000000235190e+01,2.549999890651521106e+00
7.197829649909881326e-04,4.444364274426202376e-05,2.800000000000000000e+01,2.800000000364136454e+01,2.549314431468527875e+00,2.549999999999999822e+00,2.800000000364136454e+01,2.549314431468527875e+00,2.800000000000267519e+01,2.549999883456072425e+00
7.642266077352501564e-04,4.444364274426202376e-05,2.800000000000000000e+01,2.800000000398407707e+01,2.549292846031003368e+00,2.549999999999999822e+00,2.800000000398407707e+01,2.549292846031003368e+00,2.800000000000300915e+01,2.549999876260685916e+00
8.086702504795121801e-04,4.444364274426202376e-05,2.800000000000000000e+01,2.800000000433691483e+01,2.549271902223161579e+00,2.549999999999999822e+00,2.800000000433691483e+01,2.549271902223161579e+00,2.800000000000336797e+01,2.549999869065360691e+00
8.682758167516476007e-04,5.960556627213542055e-05,2.800000000000000000e+01,2.800000000482551243e+01,2.549244726582316822e+00,2.549999999999999822e+00,2.800000000482551243e+01,2.549244726582316822e+00,2.800000000000389377e+01,2.549999859415445158e+00
9.278813830237830212e-04,5.960556627213542055e-05,2.800000000000000000e+01,2.800000000533119149e+01,2.549218497529808669e+00,2.549999999999999822e+00,2.800000000533119149e+01,2.549218497529808669e+00,2.800000000000444800e+01,2.549999849765632209e+00
9.874869492959184418e-04,5.960556627213542055e-05,2.800000000000000000e+01,2.800000000585339066e+01,2.549193122830050839e+00,2.549999999999999822e+00,2.800000000585339066e+01,2.549193122830050839e+00,2.800000000000503064e+01,2.549999840115917404e+00
1.047092515568053862e-03,5.960556627213542055e-05,2.800000000000000000e+01,2.800000000639160191e+01,2.549168523925326113e+00,2.549999999999999822e+00,2.800000000639160191e+01,2.549168523925326113e+00,2.800000000000565592e+01,2.549999830466297635e+00
1.106698081840189283e-03,5.960556627213542055e-05,2.800000000000000000e+01,2.800000000694535984e+01,2.549144633420035166e+00,2.549999999999999822e+00,2.800000000694535984e+01,2.549144633420035166e+00,2.800000000000631317e+01,2.549999820816770679e+00
1.185546786780261380e-03,7.884870494007209692e-05,2.800000000000000000e+01,2.800000000770105757e+01,2.549114020373755451e+00,2.549999999999999822e+00,2.800000000770105757e+01,2.549114020373755451e+00,2.800000000000725109e+01,2.549999808052115569e+00
1.264395491720333477e-03,7.884870494007209692e-05,2.800000000000000000e+01,2.800000000848232773e+01,2.549084431770237469e+00,2.549999999999999822e+00,2.800000000848232773e+01,2.549084431770237469e+00,2.800000000000824940e+01,2.549999795287611892e+00
1.343244196660405574e-03,7.884870494007209692e-05,2.800000000000000000e+01,2.800000000928835320e+01,2.549055771503658807e+00,2.549999999999999822e+00,2.800000000928835320e+01,2.549055771503658807e+00,2.800000000000930456e+01,2.549999782523255210e+00
1.422092901600477671e-03,7.884870494007209692e-05,2.800000000000000000e+01,2.800000001011839146e+01,2.549027957255019405e+00,2.549999999999999822e+00,2.800000001011839146e+01,2.549027957255019405e+00,2.800000000001042721e+01,2.549999769759041079e+00
1.500941606540549767e-03,7.884870494007209692e-05,2.800000000000000000e+01,2.800000001097177815e+01,2.549000918023224038e+00,2.549999999999999822e+00,2.800000001097177815e+01,2.549000918023224038e+00,2.800000000001162093e+01,2.549999756994965949e+00
1.604110519068022243e-03,1.031689125274724752e-04,2.800000000000000000e+01,2.800000001212259093e+01,2.548966607497673564e+00,2.549999999999999822e+00,2.800000001212259093e+01,2.548966607497673564e+00,2.800000000001326939e+01,2.549999740294123463e+00
1.707279431595494718e-03,1.031689125274724752e-04,2.800000000000000000e+01,2.800000001331102339e+01,2.548933401256371578e+00,2.549999999999999822e+00,2.800000001331102339e+01,2.548933401256371578e+00,2.800000000001503153e+01,2.549999723593503909e+00
1.810448344122967193e-03,1.031689125274724752e-04,2.800000000000000000e+01,2.800000001453592446e+01,2.548901199425251729e+00,2.549999999999999822e+00,2.800000001453592446e+01,2.548901199425251729e+00,2.800000000001690381e+01,2.549999706893099738e+00
1.913617256650439668e-03,1.031689125274724752e-04,2.800000000000000000e+01,2.800000001579623188e+01,2.548869916005382485e+00,2.549999999999999822e+00,2.800000001579623188e+01,2.548869916005382485e+00,2.800000000001888623e+01,2.549999690192905621e+00
2.016786169177912143e-03,1.031689125274724752e-04,2.800000000000000000e+01,2.800000001709097575e+01,2.548839476451203012e+00,2.549999999999999822e+00,2.800000001709097575e+01,2.548839476451203012e+00,2.800000000002097167e+01,2.549999673492914454e+00
2.150461309589442836e-03,1.336751404115306928e-04,2.800000000000000000e+01,2.800000001881832290e+01,2.548801185853920792e+00,2.549999999999999822e+00,2.800000001881832290e+01,2.548801185853920792e+00,2.800000000002384581e+01,2.549999651855163751e+00
2.284136450000973529e-03,1.336751404115306928e-04,2.800000000000000000e+01,2.800000002060020776e+01,2.548764082081786064e+00,2.549999999999999822e+00,2.800000002060020776e+01,2.548764082081786064e+00,2.800000000002689760e+01,2.549999630217735902e+00
2.417811590412504222e-03,1.336751404115306928e-04,2.800000000000000000e+01,2.800000002243499964e+01,2.548728061520219246e+00,2.549999999999999822e+00,2.800000002243499964e+01,2.548728061520219246e+00,2.800000000003013767e+01,2.549999608580619803e+00
2.551486730824034915e-03,1.336751404115306928e-04,2.800000000000000000e+01,2.800000002432121704e+01,2.548693034506393396e+00,2.549999999999999822e+00,2.800000002432121704e+01,2.548693034506393396e+00,2.800000000003355893e+01,2.549999586943807905e+00
2.685161871235565607e-03,1.336751404115306928e-04,2.800000000000000000e+01,2.800000002625748508e+01,2.548658922955896244e+00,2.549999999999999822e+00,2.800000002625748508e+01,2.548658922955896244e+00,2.800000000003716849e+01,2.549999565307291771e+00
2.856800479128521197e-03,1.716386078929555900e-04,2.800000000000000000e+01,2.800000002881502326e+01,2.548616357200080618e+00,2.549999999999999822e+00,2.800000002881502326e+01,2.548616357200080618e+00,2.800000000004207124e+01,2.549999537526470572e+00
3.028439087021476787e-03,1.716386078929555900e-04,2.800000000000000000e+01,2.800000003145054350e+01,2.548575063579584299e+00,2.549999999999999822e+00,2.800000003145054350e+01,2.548575063579584299e+00,2.800000000004727951e+01,2.549999509746110338e+00
3.200077694914432377e-03,1.716386078929555900e-04,2.800000000000000000e+01,2.800000003416179695e+01,2.548534934765525950e+00,2.549999999999999822e+00,2.800000003416179695e+01,2.548534934765525950e+00,2.800000000005278977e+01,2.549999481966196413e+00
3.371716302807387967e-03,1.716386078929555900e-04,2.800000000000000000e+01,2.800000003694671946e+01,2.548495877446288471e+00,2.549999999999999822e+00,2.800000003694671946e+01,2.548495877446288471e+00,2.800000000005860556e+01,2.549999454186718140e+00
3.543354910700343557e-03,1.716386078929555900e-04,2.800000000000000000e+01,2.800000003980340679e+01,2.548457810003804003e+00,2.549999999999999822e+00,2.800000003980340679e+01,2.548457810003804003e+00,2.800000000006471623e+01,2.549999426407663083e+00
3.761876577063579582e-03,2.185216663632360244e-04,2.800000000000000000e+01,2.800000004354146910e+01,2.548410664281959725e+00,2.549999999999999822e+00,2.800000004354146910e+01,2.548410664281959725e+00,2.800000000007293721e+01,2.549999391041359864e+00
3.980398243426815606e-03,2.185216663632360244e-04,2.800000000000000000e+01,2.800000004738965131e+01,2.548364878709058701e+00,2.549999999999999822e+00,2.800000004738965131e+01,2.548364878709058701e+00,2.800000000008166268e+01,2.549999355675706791e+00
4.198919909790051197e-03,2.185216663632355907e-04,2.800000000000000000e+01,2.800000005134488035e+01,2.548320342277716311e+00,2.549999999999999822e+00,2.800000005134488035e+01,2.548320342277716311e+00,2.800000000009086776e+01,2.549999320310685214e+00
4.417441576153286788e-03,2.185216663632355907e-04,2.800000000000000000e+01,2.800000005540431758e+01,2.548276958051757912e+00,2.549999999999999822e+00,2.800000005540431758e+01,2.548276958051757912e+00,2.800000000010057377e+01,2.549999284946277811e+00
4.635963242516522378e-03,2.185216663632355907e-04,2.800000000000000000e+01,2.800000005956535531e+01,2.548234640892767189e+00,2.549999999999999822e+00,2.800000005956535531e+01,2.548234640892767189e+00,2.800000000011076295e+01,2.549999249582469929e+00
4.911962668449118725e-03,2.759994259325963470e-04,2.800000000000000000e+01,2.800000006496230043e+01,2.548182601942067471e+00,2.549999999999999822e+00,2.800000006496230043e+01,2.548182601942067471e+00,2.800000000012433432e+01,2.549999204917752671e+00
5.187962094381715072e-03,2.759994259325963470e-04,2.800000000000000000e+01,2.800000007051292528e+01,2.548132013752086866e+00,2.549999999999999822e+00,2.800000007051292528e+01,2.548132013752086866e+00,2.800000000013869794e+01,2.549999160253941799e+00
5.463961520314311419e-03,2.759994259325963470e-04,2.800000000000000000e+01,2.800000007621307674e+01,2.548082761683441611e+00,2.549999999999999822e+00,2.800000007621307674e+01,2.548082761683441611e+00,2.800000000015384316e+01,2.549999115591012444e+00
5.739960946246907766e-03,2.759994259325963470e-04,2.800000000000000000e+01,2.800000008205892144e+01,2.548034745209706742e+00,2.549999999999999822e+00,2.800000008205892144e+01,2.548034745209706742e+00,2.800000000016977353e+01,2.549999070928942402e+00
6.015960372179504113e-03,2.759994259325963470e-04,2.800000000000000000e+01,2.800000008804689600e+01,2.547987875694537774e+00,2.549999999999999822e+00,2.800000008804689600e+01,2.547987875694537774e+00,2.800000000018648905e+01,2.549999026267710356e+00
6.361943679539861125e-03,3.459833073603570119e-04,2.800000000000000000e+01,2.800000009574892346e+01,2.547930622172584147e+00,2.549999999999999822e+00,2.800000009574892346e+01,2.547930622172584147e+00,2.800000000020854429e+01,2.549998970283092081e+00
6.707926986900218137e-03,3.459833073603570119e-04,2.800000000000000000e+01,2.800000010366307635e+01,2.547874912525569968e+00,2.549999999999999822e+00,2.800000010366307635e+01,2.547874912525569968e+00,2.800000000023183233e+01,2.549998914299724806e+00
7.053910294260575149e-03,3.459833073603570119e-04,2.800000000000000000e+01,2.800000011178380532e+01,2.547820628535660159e+00,2.549999999999999822e+00,2.800000011178380532e+01,2.547820628535660159e+00,2.800000000025635671e+01,2.549998858317574335e+00
7.399893601620932161e-03,3.459833073603570119e-04,2.800000000000000000e+01,2.800000012010595185e+01,2.547767666127501940e+00,2.549999999999999822e+00,2.800000012010595185e+01,2.547767666127501940e+00,2.800000000028211034e+01,2.549998802336611803e+00
7.745876908981289173e-03,3.459833073603570119e-04,2.800000000000000000e+01,2.800000012862474463e+01,2.547715933196132987e+00,2.549999999999999822e+00,2.800000012862474463e+01,2.547715933196132987e+00,2.800000000030909675e+01,2.549998746356808343e+00
8.176520880322462118e-03,4.306439713411729445e-04,2.800000000000000000e+01,2.800000013949603783e+01,2.547653135939608404e+00,2.549999999999999822e+00,2.800000013949603783e+01,2.547653135939608404e+00,2.800000000034440717e+01,2.549998676680561349e+00
8.607164851663635929e-03,4.306439713411738118e-04,2.800000000000000000e+01,2.800000015065711523e+01,2.547591978089803533e+00,2.549999999999999822e+00,2.800000015065711523e+01,2.547591978089803533e+00,2.800000000038162540e+01,2.549998607006021878e+00
9.037808823004809741e-03,4.306439713411738118e-04,2.800000000000000000e+01,2.800000016210061560e+01,2.547532337908245736e+00,2.549999999999999822e+00,2.800000016210061560e+01,2.547532337908245736e+00,2.800000000042075143e+01,2.549998537333147297e+00
9.468452794345983553e-03,4.306439713411738118e-04,2.800000000000000000e+01,2.800000017381970352e+01,2.547474107816745548e+00,2.549999999999999822e+00,2.800000017381970352e+01,2.547474107816745548e+00,2.800000000046178528e+01,2.549998467661896751e+00
9.899096765687157365e-03,4.306439713411738118e-04,2.800000000000000000e+01,2.800000018580800898e+01,2.547417192276078879e+00,2.549999999999999822e+00,2.800000018580800898e+01,2.547417192276078879e+00,2.800000000050473048e+01,2.549998397992232935e+00
1.043328350410990986e-02,5.341867384227524940e-04,2.800000000000000000e+01,2.800000020104396370e+01,2.547348291921279539e+00,2.549999999999999822e+00,2.800000020104396370e+01,2.547348291921279539e+00,2.800000000056064664e+01,2.549998311573552723e+00
1.096747024253266235e-02,5.341867384227524940e-04,2.800000000000000000e+01,2.800000021667449346e+01,2.547281139993410548e+00,2.549999999999999822e+00,2.800000021667449346e+01,2.547281139993410548e+00,2.800000000061949734e+01,2.549998225157198206e+00
1.150165698095541485e-02,5.341867384227524940e-04,2.800000000000000000e+01,2.800000023268983540e+01,2.547215609796956937e+00,2.549999999999999822e+00,2.800000023268983540e+01,2.547215609796956937e+00,2.800000000068128614e+01,2.549998138743111209e+00
1.203584371937816734e-02,5.341867384227524940e-04,2.800000000000000000e+01,2.800000024908089813e+01,2.547151589253926929e+00,2.549999999999999822e+00,2.800000024908089813e+01,2.547151589253926929e+00,2.800000000074600592e+01,2.549998052331238885e+00
1.257003045780091983e-02,5.341867384227524940e-04,2.800000000000000000e+01,2.800000026583922264e+01,2.547088978726243180e+00,2.549999999999999822e+00,2.800000026583922264e+01,2.547088978726243180e+00,2.800000000081366736e+01,2.549997965921531051e+00
1.310421719622367233e-02,5.341867384227524940e-04,2.800000000000000000e+01,2.800000028295688637e+01,2.547027689119013782e+00,2.549999999999999822e+00,2.800000028295688637e+01,2.547027689119013782e+00,2.800000000088424912e+01,2.549997879513941079e+00
1.390209324766539939e-02,7.978760514417270605e-04,2.800000000000000000e+01,2.800000030917750493e+01,2.546938433714073025e+00,2.549999999999999822e+00,2.800000030917750493e+01,2.546938433714073025e+00,2.800000000099515063e+01,2.549997750457029699e+00
1.469996929910712645e-02,7.978760514417270605e-04,2.800000000000000000e+01,2.800000033616034756e+01,2.546851712582525629e+00,2.549999999999999822e+00,2.800000033616034756e+01,2.546851712582525629e+00,2.800000000111259268e+01,2.549997621404610726e+00
1.549784535054885351e-02,7.978760514417270605e-04,2.800000000000000000e+01,2.800000036388432889e+01,2.546767321375734916e+00,2.549999999999999822e+00,2.800000036388432889e+01,2.546767321375734916e+00,2.800000000123657884e+01,2.549997492356560702e+00
1.629572140199057884e-02,7.978760514417253258e-04,2.800000000000000000e+01,2.800000039233002980e+01,2.546685081945419871e+00,2.549999999999999822e+00,2.800000039233002980e+01,2.546685081945419871e+00,2.800000000136710554e+01,2.549997363312764165e+00
1.709359745343230416e-02,7.978760514417253258e-04,2.800000000000000000e+01,2.800000042147947710e+01,2.546604837947238131e+00,2.549999999999999822e+00,2.800000042147947710e+01,2.546604837947238131e+00,2.800000000150417634e+01,2.549997234273116309e+00
1.789147350487402949e-02,7.978760514417253258e-04,2.800000000000000000e+01,2.800000045131597659e+01,2.546526451108255706e+00,2.549999999999999822e+00,2.800000045131597659e+01,2.546526451108255706e+00,2.800000000164778768e+01,2.549997105237517658e+00
1.890894475470582259e-02,1.017471249831793101e-03,2.800000000000000000e+01,2.800000049033639371e+01,2.546428991107309248e+00,2.549999999999999822e+00,2.800000049033639371e+01,2.546428991107309248e+00,2.800000000184041582e+01,2.549996940693866065e+00
1.992641600453761569e-02,1.017471249831793101e-03,2.800000000000000000e+01,2.800000053041892656e+01,2.546334126940285270e+00,2.549999999999999822e+00,2.800000053041892656e+01,2.546334126940285270e+00,2.800000000204367367e+01,2.549996776156476130e+00
2.094388725436940879e-02,1.017471249831793101e-03,2.800000000000000000e+01,2.800000057153594568e+01,2.546241661702618231e+00,2.549999999999999822e+00,2.800000057153594568e+01,2.546241661702618231e+00,2.800000000225757546e+01,2.549996611625183984e+00
2.196135850420120189e-02,1.017471249831793101e-03,2.800000000000000000e+01,2.800000061366188220e+01,2.546151422367666672e+00,2.549999999999999822e+00,2.800000061366188220e+01,2.546151422367666672e+00,2.800000000248210341e+01,2.549996447099840413e+00
2.297882975403299499e-02,1.017471249831793101e-03,2.800000000000000000e+01,2.800000065677297201e+01,2.546063255866742647e+00,2.549999999999999822e+00,2.800000065677297201e+01,2.546063255866742647e+00,2.800000000271726464e+01,2.549996282580305085e+00
2.399630100386478809e-02,1.017471249831793101e-03,2.800000000000000000e+01,2.800000070084703196e+01,2.545977025854895270e+00,2.549999999999999822e+00,2.800000070084703196e+01,2.545977025854895270e+00,2.800000000296304847e+01,2.549996118066447881e+00
2.529580158769735229e-02,1.299500583832564199e-03,2.800000000000000000e+01,2.800000075850537939e+01,2.545869517649124614e+00,2.549999999999999822e+00,2.800000075850537939e+01,2.545869517649124614e+00,2.800000000329243477e+01,2.549995907959627939e+00
2.659530217152991649e-02,1.299500583832564199e-03,2.800000000000000000e+01,2.800000081766057036e+01,2.545764744490004450e+00,2.549999999999999822e+00,2.800000081766057036e+01,2.545764744490004450e+00,2.800000000363914765e+01,2.549995697861634714e+00
2.789480275536248069e-02,1.299500583832564199e-03,2.800000000000000000e+01,2.800000087827536177e+01,2.545662507877992198e+00,2.549999999999999822e+00,2.800000087827536177e+01,2.545662507877992198e+00,2.800000000400319777e+01,2.549995487772248826e+00
2.919430333919504489e-02,1.299500583832564199e-03,2.800000000000000000e+01,2.800000094031514308e+01,2.545562632343665754e+00,2.549999999999999822e+00,2.800000094031514308e+01,2.545562632343665754e+00,2.800000000438457803e+01,2.549995277691267770e+00
3.049380392302760909e-02,1.299500583832564199e-03,2.800000000000000000e+01,2.800000100374765211e+01,2.545464961830309125e+00,2.549999999999999822e+00,2.800000100374765211e+01,2.545464961830309125e+00,2.800000000478329554e+01,2.549995067618500144e+00
3.179330450686017329e-02,1.299500583832564199e-03,2.800000000000000000e+01,2.800000106854271920e+01,2.545369356715084130e+00,2.549999999999999822e+00,2.800000106854271920e+01,2.545369356715084130e+00,2.800000000519933607e+01,2.549994857553770533e+00
3.345793272749563591e-02,1.664628220635462619e-03,2.800000000000000000e+01,2.800000115348917262e+01,2.545249707294587882e+00,2.549999999999999822e+00,2.800000115348917262e+01,2.545249707294587882e+00,2.800000000575757753e+01,2.549994588477505264e+00
3.512256094813109852e-02,1.664628220635462619e-03,2.800000000000000000e+01,2.800000124056962036e+01,2.545133007025958349e+00,2.549999999999999822e+00,2.800000124056962036e+01,2.545133007025958349e+00,2.800000000634425845e+01,2.549994319413828592e+00
3.678718916876656114e-02,1.664628220635462619e-03,2.800000000000000000e+01,2.800000132973253386e+01,2.545019048291353947e+00,2.549999999999999822e+00,2.800000132973253386e+01,2.545019048291353947e+00,2.800000000695935398e+01,2.549994050362438536e+00
3.845181738940202376e-02,1.664628220635462619e-03,2.800000000000000000e+01,2.800000142092993727e+01,2.544907646842635707e+00,2.549999999999999822e+00,2.800000142092993727e+01,2.544907646842635707e+00,2.800000000760286767e+01,2.549993781323052655e+00
4.011644561003748638e-02,1.664628220635462619e-03,2.800000000000000000e+01,2.800000151411700955e+01,2.544798638262877333e+00,2.549999999999999822e+00,2.800000151411700955e+01,2.544798638262877333e+00,2.800000000827479951e+01,2.549993512295407161e+00
4.178107383067294900e-02,1.664628220635462619e-03,2.800000000000000000e+01,2.800000160925175763e+01,2.544691875013389559e+00,2.549999999999999822e+00,2.800000160925175763e+01,2.544691875013389559e+00,2.800000000897512820e+01,2.549993243279255584e+00
4.390587493157585564e-02,2.124801100902906636e-03,2.800000000000000000e+01,2.800000173345309307e+01,2.544558650577963821e+00,2.549999999999999822e+00,2.800000173345309307e+01,2.544558650577963821e+00,2.800000000991034455e+01,2.549992899912117306e+00
4.603067603247876227e-02,2.124801100902906636e-03,2.800000000000000000e+01,2.800000186068696095e+01,2.544428621599762241e+00,2.549999999999999822e+00,2.800000186068696095e+01,2.544428621599762241e+00,2.800000001089182788e+01,2.549992556562878043e+00
4.815547713338166891e-02,2.124801100902906636e-03,2.800000000000000000e+01,2.800000199088201214e+01,2.544301568964400850e+00,2.549999999999999822e+00,2.800000199088201214e+01,2.544301568964400850e+00,2.800000001191958887e+01,2.549992213231118132e+00
5.028027823428457554e-02,2.124801100902906636e-03,2.800000000000000000e+01,2.800000212397168653e+01,2.544177297602605581e+00,2.549999999999999822e+00,2.800000212397168653e+01,2.544177297602605581e+00,2.800000001299359553e+01,2.549991869916446774e+00
5.240507933518748218e-02,2.124801100902906636e-03,2.800000000000000000e+01,2.800000225989370151e+01,2.544055632939556943e+00,2.549999999999999822e+00,2.800000225989370151e+01,2.544055632939556943e+00,2.800000001411385497e+01,2.549991526618497151e+00
5.452988043609038882e-02,2.124801100902906636e-03,2.800000000000000000e+01,2.800000239858959716e+01,2.543936417915052317e+00,2.549999999999999822e+00,2.800000239858959716e+01,2.543936417915052317e+00,2.800000001528036719e+01,2.549991183336925982e+00
5.722030123455657674e-02,2.690420798466187924e-03,2.800000000000000000e+01,2.800000257810038207e+01,2.543788762346027355e+00,2.549999999999999822e+00,2.800000257810038207e+01,2.543788762346027355e+00,2.800000001682373707e+01,2.549990748697176457e+00
5.991072203302276467e-02,2.690420798466187924e-03,2.800000000000000000e+01,2.800000276186592885e+01,2.543644549426878676e+00,2.549999999999999822e+00,2.800000276186592885e+01,2.543644549426878676e+00,2.800000001844122721e+01,2.549990314082554832e+00
6.260114283148895953e-02,2.690420798466194863e-03,2.800000000000000000e+01,2.800000294978879722e+01,2.543503549482097004e+00,2.549999999999999822e+00,2.800000294978879722e+01,2.543503549482097004e+00,2.800000002013283051e+01,2.549989879492488232e+00
6.529156362995515439e-02,2.690420798466194863e-03,2.800000000000000000e+01,2.800000314177791338e+01,2.543365557379063446e+00,2.549999999999999822e+00,2.800000314177791338e+01,2.543365557379063446e+00,2.800000002189851855e+01,2.549989444926440640e+00
6.798198442842134925e-02,2.690420798466194863e-03,2.800000000000000000e+01,2.800000333774789496e+01,2.543230388994280666e+00,2.549999999999999822e+00,2.800000333774789496e+01,2.543230388994280666e+00,2.800000002373829133e+01,2.549989010383911570e+00
7.067240522688754412e-02,2.690420798466194863e-03,2.800000000000000000e+01,2.800000353761850036e+01,2.543097878238950393e+00,2.549999999999999822e+00,2.800000353761850036e+01,2.543097878238950393e+00,2.800000002565213109e+01,2.549988575864428064e+00
7.405513499035766556e-02,3.382729763470121442e-03,2.800000000000000000e+01,2.800000379433979347e+01,2.542934810407448953e+00,2.549999999999999822e+00,2.800000379433979347e+01,2.542934810407448953e+00,2.800000002816353728e+01,2.549988029564817182e+00
7.743786475382778700e-02,3.382729763470121442e-03,2.800000000000000000e+01,2.800000405696720662e+01,2.542775438294231360e+00,2.549999999999999822e+00,2.800000405696720662e+01,2.542775438294231360e+00,2.800000003079198763e+01,2.549987483300109936e+00
8.082059451729790844e-02,3.382729763470121442e-03,2.800000000000000000e+01,2.800000432536907269e+01,2.542619522031729584e+00,2.549999999999999822e+00,2.800000432536907269e+01,2.542619522031729584e+00,2.800000003353747147e+01,2.549986937069532722e+00
8.420332428076802989e-02,3.382729763470121442e-03,2.800000000000000000e+01,2.800000459942209474e+01,2.542466846708118400e+00,2.549999999999999822e+00,2.800000459942209474e+01,2.542466846708118400e+00,2.800000003639994617e+01,2.549986390872359898e+00
8.758605404423815133e-02,3.382729763470121442e-03,2.800000000000000000e+01,2.800000487901051116e+01,2.542317218866947837e+00,2.549999999999999822e+00,2.800000487901051116e+01,2.542317218866947837e+00,2.800000003937940818e+01,2.549985844707912008e+00
9.096878380770827277e-02,3.382729763470121442e-03,2.800000000000000000e+01,2.800000516402532114e+01,2.542170463549739079e+00,2.549999999999999822e+00,2.800000516402532114e+01,2.542170463549739079e+00,2.800000004247583263e+01,2.549985298575549564e+00
9.519633119564764601e-02,4.227547387939373236e-03,2.800000000000000000e+01,2.800000552769334305e+01,2.541990854655310716e+00,2.549999999999999822e+00,2.800000552769334305e+01,2.541990854655310716e+00,2.800000004650995322e+01,2.549984616093905476e+00
9.942387858358701924e-02,4.227547387939373236e-03,2.800000000000000000e+01,2.800000589948777119e+01,2.541815205620365781e+00,2.549999999999999822e+00,2.800000589948777119e+01,2.541815205620365781e+00,2.800000005072667264e+01,2.549983933660322499e+00
1.036514259715263925e-01,4.227547387939373236e-03,2.800000000000000000e+01,2.800000627923212804e+01,2.541643266239056675e+00,2.549999999999999822e+00,2.800000627923212804e+01,2.541643266239056675e+00,2.800000005512595536e+01,2.549983251273764129e+00
1.078789733594657657e-01,4.227547387939373236e-03,2.800000000000000000e+01,2.800000666676085359e+01,2.541474811667151723e+00,2.549999999999999822e+00,2.800000666676085359e+01,2.541474811667151723e+00,2.800000005970774808e+01,2.549982568933256921e+00
1.121065207474051389e-01,4.227547387939373236e-03,2.800000000000000000e+01,2.800000706191825728e+01,2.541309638954459604e+00,2.549999999999999822e+00,2.800000706191825728e+01,2.541309638954459604e+00,2.800000006447203305e+01,2.549981886637886497e+00
1.163340681353445122e-01,4.227547387939373236e-03,2.800000000000000000e+01,2.800000746455752321e+01,2.541147564104006662e+00,2.549999999999999822e+00,2.800000746455752321e+01,2.541147564104006662e+00,2.800000006941876407e+01,2.549981204386790434e+00
1.215872780319643270e-01,5.253209896619814856e-03,2.800000000000000000e+01,2.800000797509939332e+01,2.540950233275335979e+00,2.549999999999999822e+00,2.800000797509939332e+01,2.540950233275335979e+00,2.800000007581978068e+01,2.549980356672439719e+00
1.268404879285841558e-01,5.253209896619828734e-03,2.800000000000000000e+01,2.800000849672975178e+01,2.540757137891138662e+00,2.549999999999999822e+00,2.800000849672975178e+01,2.540757137891138662e+00,2.800000008250239603e+01,2.549979509023724500e+00
1.320936978252039706e-01,5.253209896619814856e-03,2.800000000000000000e+01,2.800000902921382107e+01,2.540568017244980048e+00,2.549999999999999822e+00,2.800000902921382107e+01,2.540568017244980048e+00,2.800000008946652486e+01,2.549978661439265437e+00
1.373469077218237855e-01,5.253209896619814856e-03,2.800000000000000000e+01,2.800000957233099186e+01,2.540382636393488269e+00,2.549999999999999822e+00,2.800000957233099186e+01,2.540382636393488269e+00,2.800000009671209966e+01,2.549977813917765790e+00
1.426001176184436003e-01,5.253209896619814856e-03,2.800000000000000000e+01,2.800001012587347304e+01,2.540200782720288597e+00,2.549999999999999822e+00,2.800001012587347304e+01,2.540200782720288597e+00,2.800000010423907071e+01,2.549976966458005645e+00
1.478533275150634152e-01,5.253209896619814856e-03,2.800000000000000000e+01,2.800001068964505535e+01,2.540022263011376680e+00,2.549999999999999822e+00,2.800001068964505535e+01,2.540022263011376680e+00,2.800000011204735273e+01,2.549976119058831259e+00
1.543451299328079673e-01,6.491802417744552134e-03,2.800000000000000000e+01,2.800001140019708501e+01,2.539805996832650070e+00,2.549999999999999822e+00,2.800001140019708501e+01,2.539805996832650070e+00,2.800000012208520772e+01,2.549975071943458182e+00
1.608369323505525195e-01,6.491802417744552134e-03,2.800000000000000000e+01,2.800001212575739018e+01,2.539594252656405704e+00,2.549999999999999822e+00,2.800001212575739018e+01,2.539594252656405704e+00,2.800000013255247922e+01,2.549974024917007309e+00
1.673287347682970716e-01,6.491802417744552134e-03,2.800000000000000000e+01,2.800001286601593620e+01,2.539386759172995500e+00,2.549999999999999822e+00,2.800001286601593620e+01,2.539386759172995500e+00,2.800000014344903576e+01,2.549972977977656097e+00
1.738205371860416237e-01,6.491802417744552134e-03,2.800000000000000000e+01,2.800001362068094224e+01,2.539183271225525562e+00,2.549999999999999822e+00,2.800001362068094224e+01,2.539183271225525562e+00,2.800000015477478144e+01,2.549971931123690361e+00
1.803123396037861759e-01,6.491802417744552134e-03,2.800000000000000000e+01,2.800001438947716537e+01,2.538983566405380810e+00,2.549999999999999822e+00,2.800001438947716537e+01,2.538983566405380810e+00,2.800000016652961321e+01,2.549970884353493172e+00
1.868041420215307280e-01,6.491802417744552134e-03,2.800000000000000000e+01,2.800001517214437641e+01,2.538787442144530004e+00,2.549999999999999822e+00,2.800001517214437641e+01,2.538787442144530004e+00,2.800000017871341385e+01,2.549969837665535977e+00
1.947843266267698104e-01,7.980184605239082352e-03,2.800000000000000000e+01,2.800001615289783530e+01,2.538550986657017283e+00,2.549999999999999822e+00,2.800001615289783530e+01,2.538550986657017283e+00,2.800000019427821485e+01,2.549968551112911541e+00
2.027645112320088927e-01,7.980184605239082352e-03,2.800000000000000000e+01,2.800001715380782130e+01,2.538319350641686789e+00,2.549999999999999822e+00,2.800001715380782130e+01,2.538319350641686789e+00,2.800000021049089938e+01,2.549967264679835921e+00
2.107446958372479751e-01,7.980184605239082352e-03,2.800000000000000000e+01,2.800001817446782226e+01,2.538092252100442980e+00,2.549999999999999822e+00,2.800001817446782226e+01,2.538092252100442980e+00,2.800000022735126848e+01,2.549965978363920804e+00
2.187248804424870574e-01,7.980184605239082352e-03,2.800000000000000000e+01,2.800001921449467801e+01,2.537869435564633847e+00,2.549999999999999822e+00,2.800001921449467801e+01,2.537869435564633847e+00,2.800000024485913386e+01,2.549964692162914215e+00
2.267050650477261398e-01,7.980184605239082352e-03,2.800000000000000000e+01,2.800002027352644518e+01,2.537650668722512659e+00,2.549999999999999822e+00,2.800002027352644518e+01,2.537650668722512659e+00,2.800000026301432499e+01,2.549963406074690297e+00
2.346852496529652221e-01,7.980184605239082352e-03,2.800000000000000000e+01,2.800002135122045743e+01,2.537435739529313228e+00,2.549999999999999822e+00,2.800002135122045743e+01,2.537435739529313228e+00,2.800000028181667133e+01,2.549962120097235108e+00
2.444457613845530397e-01,9.760511731587817597e-03,2.800000000000000000e+01,2.800002269423940149e+01,2.537177796165068333e+00,2.549999999999999822e+00,2.800002269423940149e+01,2.537177796165068333e+00,2.800000030569325560e+01,2.549960547374412023e+00
2.542062731161408573e-01,9.760511731587817597e-03,2.800000000000000000e+01,2.800002406412895795e+01,2.536924980782211403e+00,2.549999999999999822e+00,2.800002406412895795e+01,2.536924980782211403e+00,2.800000033053737880e+01,2.549958974811139978e+00
2.639667848477286749e-01,9.760511731587817597e-03,2.800000000000000000e+01,2.800002546035970141e+01,2.536677000608416055e+00,2.549999999999999822e+00,2.800002546035970141e+01,2.536677000608416055e+00,2.800000035634872830e+01,2.549957402404309903e+00
2.737272965793164925e-01,9.760511731587817597e-03,2.800000000000000000e+01,2.800002688243190363e+01,2.536433589765553887e+00,2.549999999999999822e+00,2.800002688243190363e+01,2.536433589765553887e+00,2.800000038312700568e+01,2.549955830150985925e+00
2.834878083109043101e-01,9.760511731587817597e-03,2.800000000000000000e+01,2.800002832987284762e+01,2.536194505929280307e+00,2.549999999999999822e+00,2.800002832987284762e+01,2.536194505929280307e+00,2.800000041087193026e+01,2.549954258048389377e+00
2.932483200424921277e-01,9.760511731587817597e-03,2.800000000000000000e+01,2.800002980223446869e+01,2.535959527457538165e+00,2.549999999999999822e+00,2.800002980223446869e+01,2.535959527457538165e+00,2.800000043958320362e+01,2.549952686093888143e+00
3.051290123844275781e-01,1.188069234193545043e-02,2.800000000000000000e+01,2.800003162743726293e+01,2.535678753847414146e+00,2.549999999999999822e+00,2.800003162743726293e+01,2.535678753847414146e+00,2.800000047583476004e+01,2.549950772875304139e+00
3.170097047263630285e-01,1.188069234193545043e-02,2.800000000000000000e+01,2.800003348820767357e+01,2.535403427870039916e+00,2.549999999999999822e+00,2.800003348820767357e+01,2.535403427870039916e+00,2.800000051351716479e+01,2.549948859868176765e+00
3.288903970682984790e-01,1.188069234193545043e-02,2.800000000000000000e+01,2.800003538386062729e+01,2.535133245894549692e+00,2.549999999999999822e+00,2.800003538386062729e+01,2.535133245894549692e+00,2.800000055262993470e+01,2.549946947068483016e+00
3.407710894102339294e-01,1.188069234193545043e-02,2.800000000000000000e+01,2.800003731374857807e+01,2.534867931537833297e+00,2.549999999999999822e+00,2.800003731374857807e+01,2.534867931537833297e+00,2.800000059317257595e+01,2.549945034472416161e+00
3.526517817521693798e-01,1.188069234193545043e-02,2.800000000000000000e+01,2.800003927725818897e+01,2.534607232356308693e+00,2.549999999999999822e+00,2.800003927725818897e+01,2.534607232356308693e+00,2.800000063514464088e+01,2.549943122076374191e+00
3.645324740941048303e-01,1.188069234193545043e-02,2.800000000000000000e+01,2.800004127380741892e+01,2.534350916993408198e+00,2.549999999999999822e+00,2.800004127380741892e+01,2.534350916993408198e+00,2.800000067854563213e+01,2.549941209876936732e+00
3.789274437254895322e-01,1.439496963138470198e-02,2.800000000000000000e+01,2.800004373635668031e+01,2.534045928225816091e+00,2.549999999999999822e+00,2.800004373635668031e+01,2.534045928225816091e+00,2.800000073304536130e+01,2.549938893262910788e+00
3.933224133568742342e-01,1.439496963138470198e-02,2.800000000000000000e+01,2.800004624566589939e+01,2.533746717952436889e+00,2.549999999999999822e+00,2.800004624566589939e+01,2.533746717952436889e+00,2.800000078964135497e+01,2.549936576927263499e+00
4.077173829882589362e-01,1.439496963138470198e-02,2.800000000000000000e+01,2.800004880085404224e+01,2.533452971603562975e+00,2.549999999999999822e+00,2.800004880085404224e+01,2.533452971603562975e+00,2.800000084833285641e+01,2.549934260864818558e+00
4.221123526196436382e-01,1.439496963138470198e-02,2.800000000000000000e+01,2.800005140108721591e+01,2.533164402199970411e+00,2.549999999999999822e+00,2.800005140108721591e+01,2.533164402199970411e+00,2.800000090911908401e+01,2.549931945070675887e+00
4.365073222510283402e-01,1.439496963138470198e-02,2.800000000000000000e+01,2.800005404557462541e+01,2.532880747076906580e+00,2.549999999999999822e+00,2.800005404557462541e+01,2.532880747076906580e+00,2.800000097199929172e+01,2.549929629540188536e+00
4.509022918824130421e-01,1.439496963138470198e-02,2.800000000000000000e+01,2.800005673356494640e+01,2.532601765051024856e+00,2.549999999999999822e+00,2.800005673356494640e+01,2.532601765051024856e+00,2.800000103697272635e+01,2.549927314268942702e+00
4.682668715776681090e-01,1.736457969525506684e-02,2.800000000000000000e+01,2.800006003295003509e+01,2.532271134476592245e+00,2.549999999999999822e+00,2.800006003295003509e+01,2.532271134476592245e+00,2.800000111813435311e+01,2.549924521707863434e+00
4.856314512729231758e-01,1.736457969525506684e-02,2.800000000000000000e+01,2.800006339340880146e+01,2.531946624526506984e+00,2.549999999999999822e+00,2.800006339340880146e+01,2.531946624526506984e+00,2.800000120233962164e+01,2.549921729510918222e+00
5.029960309681782427e-01,1.736457969525506684e-02,2.800000000000000000e+01,2.800006681381484341e+01,2.531627909616132488e+00,2.549999999999999822e+00,2.800006681381484341e+01,2.531627909616132488e+00,2.800000128958732049e+01,2.549918937671487917e+00
5.203606106634333095e-01,1.736457969525506684e-02,2.800000000000000000e+01,2.800007029310067708e+01,2.531314692083537654e+00,2.549999999999999822e+00,2.800007029310067708e+01,2.531314692083537654e+00,2.800000137987622395e+01,2.549916146183299315e+00
5.377251903586883763e-01,1.736457969525506684e-02,2.800000000000000000e+01,2.800007383025280205e+01,2.531006698945680089e+00,2.549999999999999822e+00,2.800007383025280205e+01,2.531006698945680089e+00,2.800000147320514898e+01,2.549913355040399399e+00
5.550897700539434432e-01,1.736457969525506684e-02,2.800000000000000000e+01,2.800007742430724278e+01,2.530703679085208879e+00,2.549999999999999822e+00,2.800007742430724278e+01,2.530703679085208879e+00,2.800000156957293029e+01,2.549910564237121147e+00
5.759482206575701202e-01,2.085845060362667702e-02,2.800000000000000000e+01,2.800008181544511388e+01,2.530345939042000669e+00,2.549999999999999822e+00,2.800008181544511388e+01,2.530345939042000669e+00,2.800000168934646894e+01,2.549907212346746999e+00
5.968066712611967972e-01,2.085845060362667702e-02,2.800000000000000000e+01,2.800008628585239379e+01,2.529994673078777012e+00,2.549999999999999822e+00,2.800008628585239379e+01,2.529994673078777012e+00,2.800000181350114303e+01,2.549903860929755517e+00
6.176651218648234742e-01,2.085845060362667702e-02,2.800000000000000000e+01,2.800009083409709731e+01,2.529649544523704385e+00,2.549999999999999822e+00,2.800009083409709731e+01,2.529649544523704385e+00,2.800000194203504833e+01,2.549900509977731655e+00
6.385235724684501513e-01,2.085845060362667702e-02,2.800000000000000000e+01,2.800009545882049267e+01,2.529310244949704689e+00,2.549999999999999822e+00,2.800009545882049267e+01,2.529310244949704689e+00,2.800000207494628413e+01,2.549897159482691578e+00
6.593820230720768283e-01,2.085845060362667702e-02,2.800000000000000000e+01,2.800010015873109737e+01,2.528976490962778545e+00,2.549999999999999822e+00,2.800010015873109737e+01,2.528976490962778545e+00,2.800000221223299235e+01,2.549893809437045356e+00
6.802404736757035053e-01,2.085845060362667702e-02,2.800000000000000000e+01,2.800010493259923194e+01,2.528648021409041213e+00,2.549999999999999822e+00,2.800010493259923194e+01,2.528648021409041213e+00,2.800000235389336467e+01,2.549890459833566769e+00
7.051944062747459441e-01,2.495393259904243877e-02,2.800000000000000000e+01,2.800011073932663308e+01,2.528261664234497719e+00,2.549999999999999822e+00,2.800011073932663308e+01,2.528261664234497719e+00,2.800000252911181065e+01,2.549886453118747731e+00
7.301483388737883828e-01,2.495393259904243877e-02,2.800000000000000000e+01,2.800011664832036828e+01,2.527882145969891248e+00,2.549999999999999822e+00,2.800011664832036828e+01,2.527882145969891248e+00,2.800000271058445378e+01,2.549882447015710429e+00
7.551022714728308216e-01,2.495393259904243877e-02,2.800000000000000000e+01,2.800012265776979703e+01,2.527509118787859776e+00,2.549999999999999822e+00,2.800012265776979703e+01,2.527509118787859776e+00,2.800000289830831335e+01,2.549878441513815375e+00
7.800562040718732604e-01,2.495393259904243877e-02,2.800000000000000000e+01,2.800012876595491562e+01,2.527142263417971879e+00,2.549999999999999822e+00,2.800012876595491562e+01,2.527142263417971879e+00,2.800000309228046902e+01,2.549874436602953320e+00
8.050101366709156991e-01,2.495393259904243877e-02,2.800000000000000000e+01,2.800013497123905637e+01,2.526781285967101720e+00,2.549999999999999822e+00,2.800013497123905637e+01,2.526781285967101720e+00,2.800000329249807507e+01,2.549870432273506182e+00
8.299640692699581379e-01,2.495393259904243877e-02,2.800000000000000000e+01,2.800014127206230441e+01,2.526425915147018308e+00,2.549999999999999822e+00,2.800014127206230441e+01,2.526425915147018308e+00,2.800000349895829999e+01,2.549866428516305294e+00
8.597016592657953371e-01,2.973758999583719920e-02,2.800000000000000000e+01,2.800014890345301666e+01,2.526009394203063696e+00,2.549999999999999822e+00,2.800014890345301666e+01,2.526009394203063696e+00,2.800000375314538559e+01,2.549861657975871054e+00
8.894392492616325363e-01,2.973758999583719920e-02,2.800000000000000000e+01,2.800015666601320419e+01,2.525600088418381794e+00,2.549999999999999822e+00,2.800015666601320419e+01,2.525600088418381794e+00,2.800000401618936152e+01,2.549856888221603946e+00
9.191768392574697355e-01,2.973758999583719920e-02,2.800000000000000000e+01,2.800016455746532884e+01,2.525197638745471096e+00,2.549999999999999822e+00,2.800016455746532884e+01,2.525197638745471096e+00,2.800000428808570518e+01,2.549852119240119563e+00
9.489144292533069347e-01,2.973758999583719920e-02,2.800000000000000000e+01,2.800017257564344675e+01,2.524801714996356417e+00,2.549999999999999822e+00,2.800017257564344675e+01,2.524801714996356417e+00,2.800000456882994726e+01,2.549847351018686759e+00
9.786520192491441339e-01,2.973758999583719920e-02,2.800000000000000000e+01,2.800018071848439760e+01,2.524412012694903229e+00,2.549999999999999822e+00,2.800018071848439760e+01,2.524412012694903229e+00,2.800000485841770725e+01,2.549842583545178787e+00
1.008389609244981333e+00,2.973758999583719920e-02,2.800000000000000000e+01,2.800018898401986789e+01,2.524028250325226708e+00,2.549999999999999822e+00,2.800018898401986789e+01,2.524028250325226708e+00,2.800000515684467928e+01,2.549837816808026680e+00
1.043695635348858453e+00,3.530602610387711948e-02,2.800000000000000000e+01,2.800019895401610981e+01,2.523579981321968813e+00,2.549999999999999822e+00,2.800019895401610981e+01,2.523579981321968813e+00,2.800000552262389775e+01,2.549832158428618545e+00
1.079001661452735572e+00,3.530602610387711948e-02,2.800000000000000000e+01,2.800020909131284341e+01,2.523139315182199471e+00,2.549999999999999822e+00,2.800020909131284341e+01,2.523139315182199471e+00,2.800000590084960805e+01,2.549826501053967576e+00
1.114307687556612692e+00,3.530602610387711948e-02,2.800000000000000000e+01,2.800021939305951690e+01,2.522705881577614662e+00,2.549999999999999822e+00,2.800021939305951690e+01,2.522705881577614662e+00,2.800000629151494635e+01,2.549820844667320507e+00
1.149613713660489811e+00,3.530602610387711948e-02,2.800000000000000000e+01,2.800022985654234375e+01,2.522279339332703429e+00,2.549999999999999822e+00,2.800022985654234375e+01,2.522279339332703429e+00,2.800000669461316249e+01,2.549815189252724323e+00
1.184919739764366931e+00,3.530602610387711948e-02,2.800000000000000000e+01,2.800024047917373693e+01,2.521859373308863006e+00,2.549999999999999822e+00,2.800024047917373693e+01,2.521859373308863006e+00,2.800000711013762711e+01,2.549809534794968080e+00
1.220225765868244050e+00,3.530602610387711948e-02,2.800000000000000000e+01,2.800025125848273433e+01,2.521445691673862566e+00,2.549999999999999822e+00,2.800025125848273433e+01,2.521445691673862566e+00,2.800000753808178544e+01,2.549803881279526951e+00
1.261992546671004023e+00,4.176678080275997296e-02,2.800000000000000000e+01,2.800026420940616134e+01,2.520964053956279649e+00,2.549999999999999822e+00,2.800026420940616134e+01,2.520964053956279649e+00,2.800000806036462464e+01,2.549797194408240486e+00
1.303759327473763996e+00,4.176678080275997296e-02,2.800000000000000000e+01,2.800027737256207416e+01,2.520490418293459101e+00,2.549999999999999822e+00,2.800027737256207416e+01,2.520490418293459101e+00,2.800000860000900005e+01,2.549790508814349543e+00
1.345526108276523969e+00,4.176678080275997296e-02,2.800000000000000000e+01,2.800029074439984811e+01,2.520024403019331061e+00,2.549999999999999822e+00,2.800029074439984811e+01,2.520024403019331061e+00,2.800000915700460880e+01,2.549783824476980598e+00
1.387292889079283942e+00,4.176678080275997296e-02,2.800000000000000000e+01,2.800030432153575077e+01,2.519565655904810964e+00,2.549999999999999822e+00,2.800030432153575077e+01,2.519565655904810964e+00,2.800000973134132209e+01,2.549777141376241119e+00
1.429059669882043915e+00,4.176678080275997296e-02,2.800000000000000000e+01,2.800031810074026950e+01,2.519113851073561783e+00,2.549999999999999822e+00,2.800031810074026950e+01,2.519113851073561783e+00,2.800001032300914616e+01,2.549770459493143182e+00
1.470826450684803888e+00,4.176678080275997296e-02,2.800000000000000000e+01,2.800033207892668585e+01,2.518668686292704795e+00,2.549999999999999822e+00,2.800033207892668585e+01,2.518668686292704795e+00,2.800001093199827906e+01,2.549763778809539083e+00
1.520065717607441025e+00,4.923926692263713711e-02,2.800000000000000000e+01,2.800034880950089189e+01,2.518152024338565109e+00,2.549999999999999822e+00,2.800034880950089189e+01,2.518152024338565109e+00,2.800001167217530096e+01,2.549755904403211648e+00
1.569304984530078162e+00,4.923926692263713711e-02,2.800000000000000000e+01,2.800036580790399299e+01,2.517643775143793228e+00,2.549999999999999822e+00,2.800036580790399299e+01,2.517643775143793228e+00,2.800001243639693271e+01,2.549748031612693477e+00
1.618544251452715299e+00,4.923926692263713711e-02,2.800000000000000000e+01,2.800038306973377900e+01,2.517143545651239211e+00,2.549999999999999822e+00,2.800038306973377900e+01,2.517143545651239211e+00,2.800001322464782660e+01,2.549740160412100831e+00
1.667783518375352436e+00,4.923926692263713711e-02,2.800000000000000000e+01,2.800040059079082866e+01,2.516650972516109697e+00,2.549999999999999822e+00,2.800040059079082866e+01,2.516650972516109697e+00,2.800001403691289426e+01,2.549732290776740129e+00
1.717022785297989573e+00,4.923926692263713711e-02,2.800000000000000000e+01,2.800041836706339282e+01,2.516165719053181427e+00,2.549999999999999822e+00,2.800041836706339282e+01,2.516165719053181427e+00,2.800001487317728532e+01,2.549724422683021796e+00
1.766262052220626710e+00,4.923926692263713711e-02,2.800000000000000000e+01,2.800043639471374490e+01,2.515687472548933101e+00,2.549999999999999822e+00,2.800043639471374490e+01,2.515687472548933101e+00,2.800001573342638039e+01,2.549716556108377219e+00
1.824117797193905544e+00,5.785574497327883314e-02,2.800000000000000000e+01,2.800045789330714285e+01,2.515134097800856061e+00,2.549999999999999822e+00,2.800045789330714285e+01,2.515134097800856061e+00,2.800001677484034346e+01,2.549707314857954987e+00
1.881973542167184377e+00,5.785574497327883314e-02,2.800000000000000000e+01,2.800047972818712694e+01,2.514589558044526552e+00,2.549999999999999822e+00,2.800047972818712694e+01,2.514589558044526552e+00,2.800001784932484483e+01,2.549698075641456896e+00
1.939829287140463210e+00,5.785574497327883314e-02,2.800000000000000000e+01,2.800050189391996724e+01,2.514053448782416655e+00,2.549999999999999822e+00,2.800050189391996724e+01,2.514053448782416655e+00,2.800001895685726083e+01,2.549688838426926729e+00
1.997685032113742043e+00,5.785574497327883314e-02,2.800000000000000000e+01,2.800052438531728072e+01,2.513525395496073678e+00,2.549999999999999822e+00,2.800052438531728072e+01,2.513525395496073678e+00,2.800002009741531594e+01,2.549679603183851118e+00
2.055540777087021098e+00,5.785574497327905519e-02,2.800000000000000000e+01,2.800054719741815745e+01,2.513005050624616210e+00,2.549999999999999822e+00,2.800054719741815745e+01,2.513005050624616210e+00,2.800002127097709348e+01,2.549670369883051180e+00
2.113396522060300153e+00,5.785574497327905519e-02,2.800000000000000000e+01,2.800057032547288216e+01,2.512492090898413633e+00,2.549999999999999822e+00,2.800057032547288216e+01,2.512492090898413633e+00,2.800002247752098938e+01,2.549661138496591040e+00
2.181158920451215621e+00,6.776239839091546813e-02,2.800000000000000000e+01,2.800059780937821330e+01,2.511900283433607939e+00,2.549999999999999822e+00,2.800059780937821330e+01,2.511900283433607939e+00,2.800002393257005551e+01,2.549650328815721512e+00
2.248921318842131090e+00,6.776239839091546813e-02,2.800000000000000000e+01,2.800062571346767726e+01,2.511317744733744473e+00,2.549999999999999822e+00,2.800062571346767726e+01,2.511317744733744473e+00,2.800002543280049849e+01,2.549639521683054078e+00
2.316683717233046558e+00,6.776239839091546813e-02,2.800000000000000000e+01,2.800065403106307826e+01,2.510744058815227664e+00,2.549999999999999822e+00,2.800065403106307826e+01,2.510744058815227664e+00,2.800002697817920705e+01,2.549628717059306382e+00
2.384446115623962026e+00,6.776239839091546813e-02,2.800000000000000000e+01,2.800068275578194843e+01,2.510178839931841210e+00,2.549999999999999822e+00,2.800068275578194843e+01,2.510178839931841210e+00,2.800002856867358503e+01,2.549617914906930682e+00
2.452208514014877494e+00,6.776239839091546813e-02,2.800000000000000000e+01,2.800071188151637003e+01,2.509621729584299299e+00,2.549999999999999822e+00,2.800071188151637003e+01,2.509621729584299299e+00,2.800003020425152656e+01,2.549607115189995277e+00
2.519970912405792962e+00,6.776239839091546813e-02,2.800000000000000000e+01,2.800074140241374465e+01,2.509072393875604323e+00,2.549999999999999822e+00,2.800074140241374465e+01,2.509072393875604323e+00,2.800003188488138406e+01,2.549596317874067264e+00
2.599091333552655314e+00,7.912042114686235195e-02,2.800000000000000000e+01,2.800077636404645176e+01,2.508440404437767945e+00,2.549999999999999822e+00,2.800077636404645176e+01,2.508440404437767945e+00,2.800003390418098093e+01,2.549583713755853687e+00
2.678211754699517666e+00,7.912042114686235195e-02,2.800000000000000000e+01,2.800081184821361546e+01,2.507818129083562386e+00,2.549999999999999822e+00,2.800081184821361546e+01,2.507818129083562386e+00,2.800003598480967781e+01,2.549571112815672169e+00
2.757332175846380018e+00,7.912042114686235195e-02,2.800000000000000000e+01,2.800084784674155358e+01,2.507205140301361102e+00,2.549999999999999822e+00,2.800084784674155358e+01,2.507205140301361102e+00,2.800003812671938519e+01,2.549558515005429182e+00
2.836452596993242370e+00,7.912042114686235195e-02,2.800000000000000000e+01,2.800088435181168478e+01,2.506601041066977675e+00,2.549999999999999822e+00,2.800088435181168478e+01,2.506601041066977675e+00,2.800004032986273117e+01,2.549545920279115752e+00
2.915573018140104722e+00,7.912042114686235195e-02,2.800000000000000000e+01,2.800092135593555298e+01,2.506005461884072361e+00,2.549999999999999822e+00,2.800092135593555298e+01,2.506005461884072361e+00,2.800004259419307573e+01,2.549533328592666237e+00
2.994693439286967074e+00,7.912042114686235195e-02,2.800000000000000000e+01,2.800095885193212908e+01,2.505418058161259065e+00,2.549999999999999822e+00,2.800095885193212908e+01,2.505418058161259065e+00,2.800004491966446807e+01,2.549520739903818889e+00
3.086800620802589989e+00,9.210718151562291567e-02,2.800000000000000000e+01,2.800100311294802324e+01,2.504744110322935757e+00,2.549999999999999822e+00,2.800100311294802324e+01,2.504744110322935757e+00,2.800004770379474195e+01,2.549506088640216994e+00
3.178907802318212905e+00,9.210718151562291567e-02,2.800000000000000000e+01,2.800104802080664612e+01,2.504080333429807403e+00,2.549999999999999822e+00,2.800104802080664612e+01,2.504080333429807403e+00,2.800005057065275693e+01,2.549491441322770502e+00
3.271014983833835821e+00,9.210718151562291567e-02,2.800000000000000000e+01,2.800109356554399653e+01,2.503426288403979516e+00,2.549999999999999822e+00,2.800109356554399653e+01,2.503426288403979516e+00,2.800005352016920668e+01,2.549476797892832547e+00
3.363122165349458736e+00,9.210718151562291567e-02,2.800000000000000000e+01,2.800113973762087838e+01,2.502781566897001042e+00,2.549999999999999822e+00,2.800113973762087838e+01,2.502781566897001042e+00,2.800005655227582579e+01,2.549462158294253378e+00
3.455229346865081652e+00,9.210718151562291567e-02,2.800000000000000000e+01,2.800118652789359430e+01,2.502145788360892631e+00,2.549999999999999822e+00,2.800118652789359430e+01,2.502145788360892631e+00,2.800005966690533654e+01,2.549447522473205385e+00
3.547336528380704568e+00,9.210718151562291567e-02,2.800000000000000000e+01,2.800123392758722218e+01,2.501518597447085490e+00,2.549999999999999822e+00,2.800123392758722218e+01,2.501518597447085490e+00,2.800006286399145239e+01,2.549432890378031669e+00
3.654253964176756853e+00,1.069174357960522848e-01,2.800000000000000000e+01,2.800128970201679124e+01,2.500800889979474473e+00,2.549999999999999822e+00,2.800128970201679124e+01,2.500800889979474473e+00,2.800006667847286934e+01,2.549415910141381580e+00
3.761171399972809137e+00,1.069174357960522848e-01,2.800000000000000000e+01,2.800134627361573436e+01,2.500093821850296383e+00,2.549999999999999822e+00,2.800134627361573436e+01,2.500093821850296383e+00,2.800007060387100921e+01,2.549398934783888127e+00
3.868088835768861422e+00,1.069174357960522848e-01,2.800000000000000000e+01,2.800140363028462431e+01,2.499396942380962106e+00,2.549999999999999822e+00,2.800140363028462431e+01,2.499396942380962106e+00,2.800007464008671221e+01,2.549381964234309628e+00
3.975006271564913707e+00,1.069174357960522848e-01,2.800000000000000000e+01,2.800146176043043056e+01,2.498709831856422703e+00,2.549999999999999822e+00,2.800146176043043056e+01,2.498709831856422703e+00,2.800007878702227515e+01,2.549364998424379358e+00
4.081923707360965992e+00,1.069174357960522848e-01,2.800000000000000000e+01,2.800152065293221781e+01,2.498032098626593811e+00,2.549999999999999822e+00,2.800152065293221781e+01,2.498032098626593811e+00,2.800008304458142661e+01,2.549348037288606594e+00
4.188841143157018720e+00,1.069174357960527288e-01,2.800000000000000000e+01,2.800158029710982888e+01,2.497363376527175660e+00,2.549999999999999822e+00,2.800158029710982888e+01,2.497363376527175660e+00,2.800008741266925938e+01,2.549331080764093205e+00
4.312605748944886130e+00,1.237646057878674100e-01,2.800000000000000000e+01,2.800165026472300767e+01,2.496600085932811908e+00,2.549999999999999822e+00,2.800165026472300767e+01,2.496600085932811908e+00,2.800009260694663382e+01,2.549311458048983514e+00
4.436370354732753540e+00,1.237646057878674100e-01,2.800000000000000000e+01,2.800172121053456920e+01,2.495847914582236537e+00,2.549999999999999822e+00,2.800172121053456920e+01,2.495847914582236537e+00,2.800009794906096516e+01,2.549291841341869258e+00
4.560134960520620950e+00,1.237646057878674100e-01,2.800000000000000000e+01,2.800179311990705244e+01,2.495106400165588934e+00,2.549999999999999822e+00,2.800179311990705244e+01,2.495106400165588934e+00,2.800010343887137765e+01,2.549272230556525631e+00
4.683899566308488360e+00,1.237646057878674100e-01,2.800000000000000000e+01,2.800186597880462003e+01,2.494375111562885827e+00,2.549999999999999822e+00,2.800186597880462003e+01,2.494375111562885827e+00,2.800010907623903478e+01,2.549252625610266332e+00
4.807664172096355770e+00,1.237646057878674100e-01,2.800000000000000000e+01,2.800193977375301202e+01,2.493653645975608235e+00,2.549999999999999822e+00,2.800193977375301202e+01,2.493653645975608235e+00,2.800011486102712865e+01,2.549233026423706860e+00
4.931428777884223180e+00,1.237646057878674100e-01,2.800000000000000000e+01,2.800201449180296009e+01,2.492941626369435948e+00,2.549999999999999822e+00,2.800201449180296009e+01,2.492941626369435948e+00,2.800012079310076274e+01,2.549213432920550026e+00
5.074310901834845566e+00,1.428821239506223861e-01,2.800000000000000000e+01,2.800210188303879377e+01,2.492130909541015793e+00,2.549999999999999822e+00,2.800210188303879377e+01,2.492130909541015793e+00,2.800012782447744897e+01,2.549190819844563638e+00
5.217193025785467952e+00,1.428821239506223861e-01,2.800000000000000000e+01,2.800219046958556035e+01,2.491331803347207607e+00,2.549999999999999822e+00,2.800219046958556035e+01,2.491331803347207607e+00,2.800013505177626882e+01,2.549168214137175870e+00
5.360075149736090339e+00,1.428821239506223861e-01,2.800000000000000000e+01,2.800228023379969500e+01,2.490543833820103359e+00,2.549999999999999822e+00,2.800228023379969500e+01,2.490543833820103359e+00,2.800014247479844443e+01,2.549145615694403677e+00
5.502957273686712725e+00,1.428821239506223861e-01,2.800000000000000000e+01,2.800237115875001592e+01,2.489766558400390739e+00,2.549999999999999822e+00,2.800237115875001592e+01,2.489766558400390739e+00,2.800015009334808980e+01,2.549123024416453109e+00
5.645839397637335111e+00,1.428821239506223861e-01,2.800000000000000000e+01,2.800246322817114120e+01,2.488999563098860612e+00,2.549999999999999822e+00,2.800246322817114120e+01,2.488999563098860612e+00,2.800015790723210429e+01,2.549100440207447082e+00
5.788721521587957497e+00,1.428821239506223861e-01,2.800000000000000000e+01,2.800255642642083131e+01,2.488242459961082176e+00,2.549999999999999822e+00,2.800255642642083131e+01,2.488242459961082176e+00,2.800016591626005891e+01,2.549077862975173137e+00
5.953246349036881213e+00,1.645248274489237161e-01,2.800000000000000000e+01,2.800266512032856170e+01,2.487382457057153662e+00,2.549999999999999822e+00,2.800266512032856170e+01,2.487382457057153662e+00,2.800017537991168126e+01,2.549051874441096821e+00
6.117771176485804929e+00,1.645248274489237161e-01,2.800000000000000000e+01,2.800277526890048918e+01,2.486534567628965853e+00,2.549999999999999822e+00,2.800277526890048918e+01,2.486534567628965853e+00,2.800018510177070752e+01,2.549025894909543233e+00
6.282296003934728645e+00,1.645248274489237161e-01,2.800000000000000000e+01,2.800288685094449193e+01,2.485698306027614546e+00,2.549999999999999822e+00,2.800288685094449193e+01,2.485698306027614546e+00,2.800019508155856585e+01,2.548999924255547000e+00
6.446820831383652362e+00,1.645248274489237161e-01,2.800000000000000000e+01,2.800299984610927950e+01,2.484873218224018743e+00,2.549999999999999822e+00,2.800299984610927950e+01,2.484873218224018743e+00,2.800020531900068121e+01,2.548973962359087242e+00
6.611345658832576078e+00,1.645248274489237161e-01,2.800000000000000000e+01,2.800311423483035256e+01,2.484058879000107023e+00,2.549999999999999822e+00,2.800311423483035256e+01,2.484058879000107023e+00,2.800021581382633329e+01,2.548948009104772261e+00
6.775870486281499794e+00,1.645248274489237161e-01,2.800000000000000000e+01,2.800322999828046378e+01,2.483254889435444035e+00,2.549999999999999822e+00,2.800322999828046378e+01,2.483254889435444035e+00,2.800022656576849300e+01,2.548922064381547337e+00
6.964840894215863720e+00,1.889704079343639265e-01,2.800000000000000000e+01,2.800336463504519458e+01,2.482343726985761556e+00,2.549999999999999822e+00,2.800336463504519458e+01,2.482343726985761556e+00,2.800023923218402189e+01,2.548892275103657568e+00
7.153811302150227647e+00,1.889704079343639265e-01,2.800000000000000000e+01,2.800350103508492694e+01,2.481445192257990762e+00,2.549999999999999822e+00,2.800350103508492694e+01,2.481445192257990762e+00,2.800025223705758748e+01,2.548862496783441678e+00
7.342781710084591573e+00,1.889704079343639265e-01,2.800000000000000000e+01,2.800363917303232242e+01,2.480558787903209161e+00,2.549999999999999822e+00,2.800363917303232242e+01,2.480558787903209161e+00,2.800026558000127253e+01,2.548832729271217179e+00
7.531752118018955500e+00,1.889704079343639265e-01,2.800000000000000000e+01,2.800377902450940582e+01,2.479684048396165075e+00,2.549999999999999822e+00,2.800377902450940582e+01,2.479684048396165075e+00,2.800027926063269135e+01,2.548802972423122259e+00
7.720722525953319426e+00,1.889704079343639265e-01,2.800000000000000000e+01,2.800392056606507296e+01,2.478820537255903567e+00,2.549999999999999822e+00,2.800392056606507296e+01,2.478820537255903567e+00,2.800029327857478378e+01,2.548773226100749412e+00
7.909692933887683353e+00,1.889704079343639265e-01,2.800000000000000000e+01,2.800406377511768596e+01,2.477967844554344268e+00,2.549999999999999822e+00,2.800406377511768596e+01,2.477967844554344268e+00,2.800030763345555584e+01,2.548743490170806592e+00
8.126213835722239764e+00,2.165209018345564118e-01,2.800000000000000000e+01,2.800422988485854958e+01,2.477003638866065671e+00,2.549999999999999822e+00,2.800422988485854958e+01,2.477003638866065671e+00,2.800032449490360520e+01,2.548709431571436923e+00
8.342734737556796176e+00,2.165209018345564118e-01,2.800000000000000000e+01,2.800439812370734671e+01,2.476052586492218488e+00,2.549999999999999822e+00,2.800439812370734671e+01,2.476052586492218488e+00,2.800034179767223108e+01,2.548675386261150866e+00
8.559255639391352588e+00,2.165209018345564118e-01,2.800000000000000000e+01,2.800456846139985601e+01,2.475114178369022699e+00,2.549999999999999822e+00,2.800456846139985601e+01,2.475114178369022699e+00,2.800035954122469306e+01,2.548641354061244702e+00
8.775776541225909000e+00,2.165209018345564118e-01,2.800000000000000000e+01,2.800474086883250990e+01,2.474187937452929198e+00,2.549999999999999822e+00,2.800474086883250990e+01,2.474187937452929198e+00,2.800037772503182865e+01,2.548607334799841251e+00
8.992297443060465412e+00,2.165209018345564118e-01,2.800000000000000000e+01,2.800491531799028522e+01,2.473273415970442368e+00,2.549999999999999822e+00,2.800491531799028522e+01,2.473273415970442368e+00,2.800039634857173709e+01,2.548573328311471542e+00
9.208818344895021824e+00,2.165209018345564118e-01,2.800000000000000000e+01,2.800509178188039883e+01,2.472370192948637246e+00,2.549999999999999822e+00,2.800509178188039883e+01,2.472370192948637246e+00,2.800041541132947387e+01,2.548539334436682680e+00
9.456322694071147339e+00,2.475043491761255154e-01,2.800000000000000000e+01,2.800529593163675202e+01,2.471351053314134738e+00,2.549999999999999822e+00,2.800529593163675202e+01,2.471351053314134738e+00,2.800043773924556234e+01,2.548500491400377488e+00
9.703827043247272854e+00,2.475043491761255154e-01,2.800000000000000000e+01,2.800550264256311905e+01,2.470345603871063389e+00,2.549999999999999822e+00,2.800550264256311905e+01,2.470345603871063389e+00,2.800046063966199483e+01,2.548461664423875117e+00
9.951331392423398370e+00,2.475043491761255154e-01,2.800000000000000000e+01,2.800571187866984957e+01,2.469353323829782010e+00,2.549999999999999822e+00,2.800571187866984957e+01,2.469353323829782010e+00,2.800048411184070574e+01,2.548422853294485257e+00
1.019883574159952389e+01,2.475043491761255154e-01,2.800000000000000000e+01,2.800592360532492009e+01,2.468373724610255504e+00,2.549999999999999822e+00,2.800592360532492009e+01,2.468373724610255504e+00,2.800050815505386836e+01,2.548384057807509873e+00
1.044634009077564940e+01,2.475043491761255154e-01,2.800000000000000000e+01,2.800613778917095686e+01,2.467406347120839616e+00,2.549999999999999822e+00,2.800613778917095686e+01,2.467406347120839616e+00,2.800053276858354323e+01,2.548345277765756034e+00
1.069384443995177492e+01,2.475043491761255154e-01,2.800000000000000000e+01,2.800635439804884186e+01,2.466450759310724550e+00,2.549999999999999822e+00,2.800635439804884186e+01,2.466450759310724550e+00,2.800055795172128015e+01,2.548306512979084282e+00
1.094384443995177492e+01,2.500000000000000000e-01,2.800000000000000000e+01,2.800657562127911149e+01,2.465497089952935816e+00,2.549999999999999822e+00,2.800657562127911149e+01,2.465497089952935816e+00,2.800058396632718072e+01,2.548267372616671356e+00
1.119384443995177492e+01,2.500000000000000000e-01,2.800000000000000000e+01,2.800679925615717281e+01,2.464554637896881673e+00,2.549999999999999822e+00,2.800679925615717281e+01,2.464554637896881673e+00,2.800061056066116549e+01,2.548228247448716122e+00
1.144384443995177492e+01,2.500000000000000000e-01,2.800000000000000000e+01,2.800702527285137933e+01,2.463623029210129989e+00,2.549999999999999822e+00,2.800702527285137933e+01,2.463623029210129989e+00,2.800063773402064271e+01,2.548189137298761509e+00
1.169384443995177492e+01,2.500000000000000000e-01,2.800000000000000000e+01,2.800725364251814042e+01,2.462701910280924444e+00,2.549999999999999822e+00,2.800725364251814042e+01,2.462701910280924444e+00,2.800066548571163239e+01,2.548150041996168458e+00
1.194384443995177492e+01,2.500000000000000000e-01,2.800000000000000000e+01,2.800748433724869102e+01,2.461790946302182981e+00,2.549999999999999822e+00,2.800748433724869102e+01,2.461790946302182981e+00,2.800069381504846433e+01,2.548110961375803729e+00
1.219384443995177492e+01,2.500000000000000000e-01,2.800000000000000000e+01,2.800771733001980124e+01,2.460889819898951281e+00,2.549999999999999822e+00,2.800771733001980124e+01,2.460889819898951281e+00,2.800072272135353302e+01,2.548071895277749910e+00
1.244384443995177492e+01,2.500000000000000000e-01,2.800000000000000000e+01,2.800795259464809206e+01,2.459998229884482690e+00,2.549999999999999822e+00,2.800795259464809206e+01,2.459998229884482690e+00,2.800075220395702047e+01,2.548032843547035409e+00
1.269384443995177492e+01,2.500000000000000000e-01,2.800000000000000000e+01,2.800819010574761947e+01,2.459115890128586557e+00,2.549999999999999822e+00,2.800819010574761947e+01,2.459115890128586557e+00,2.800078226219665467e+01,2.547993806033387543e+00
1.294384443995177492e+01,2.500000000000000000e-01,2.800000000000000000e+01,2.800842983869035763e+01,2.458242528524592352e+00,2.549999999999999822e+00,2.800842983869035763e+01,2.458242528524592352e+00,2.800081289541751772e+01,2.547954782590996281e+00
1.319384443995177492e+01,2.500000000000000000e-01,2.800000000000000000e+01,2.800867176956935012e+01,2.457377886045031712e+00,2.549999999999999822e+00,2.800867176956935012e+01,2.457377886045031712e+00,2.800084410297178295e+01,2.547915773078299750e+00
1.344384443995177492e+01,2.500000000000000000e-01,2.800000000000000000e+01,2.800891587516433034e+01,2.456521715877848955e+00,2.549999999999999822e+00,2.800891587516433034e+01,2.456521715877848955e+00,2.800087588421855145e+01,2.547876777357783507e+00
1.369384443995177492e+01,2.500000000000000000e-01,2.800000000000000000e+01,2.800916213290960854e+01,2.455673782635074076e+00,2.549999999999999822e+00,2.800916213290960854e+01,2.455673782635074076e+00,2.800090823852363187e+01,2.547837795295787799e+00
1.394384443995177492e+01,2.500000000000000000e-01,2.800000000000000000e+01,2.800941052086401939e+01,2.454833861626229741e+00,2.549999999999999822e+00,2.800941052086401939e+01,2.454833861626229741e+00,2.800094116525933075e+01,2.547798826762332602e+00
1.419384443995177492e+01,2.500000000000000000e-01,2.800000000000000000e+01,2.800966101768274186e+01,2.454001738189860227e+00,2.549999999999999822e+00,2.800966101768274186e+01,2.454001738189860227e+00,2.800097466380431754e+01,2.547759871630953743e+00
1.444384443995177492e+01,2.500000000000000000e-01,2.800000000000000000e+01,2.800991360259090612e+01,2.453177207077714250e+00,2.549999999999999822e+00,2.800991360259090612e+01,2.453177207077714250e+00,2.800100873354343989e+01,2.547720929778542587e+00
1.469384443995177492e+01,2.500000000000000000e-01,2.800000000000000000e+01,2.801016825535875654e+01,2.452360071886789505e+00,2.549999999999999822e+00,2.801016825535875654e+01,2.452360071886789505e+00,2.800104337386754239e+01,2.547682001085206593e+00
1.494384443995177492e+01,2.500000000000000000e-01,2.800000000000000000e+01,2.801042495627834583e+01,2.451550144534781595e+00,2.549999999999999822e+00,2.801042495627834583e+01,2.451550144534781595e+00,2.800107858417334583e+01,2.547643085434124544e+00
1.519384443995177492e+01,2.500000000000000000e-01,2.800000000000000000e+01,2.801068368614158288e+01,2.450747244774849953e+00,2.549999999999999822e+00,2.801068368614158288e+01,2.450747244774849953e+00,2.800111436386323405e+01,2.547604182711424858e+00
1.544384443995177492e+01,2.500000000000000000e-01,2.800000000000000000e+01,2.801094442621954173e+01,2.449951199746126296e+00,2.549999999999999822e+00,2.801094442621954173e+01,2.449951199746126296e+00,2.800115071234518993e+01,2.547565292806056814e+00
1.569384443995177492e+01,2.500000000000000000e-01,2.800000000000000000e+01,2.801120715824296781e+01,2.449161843556820983e+00,2.549999999999999822e+00,2.801120715824296781e+01,2.449161843556820983e+00,2.800118762903260006e+01,2.547526415609681738e+00
1.594384443995177492e+01,2.500000000000000000e-01,2.800000000000000000e+01,2.801147186438386427e+01,2.448379016897125116e+00,2.549999999999999822e+00,2.801147186438386427e+01,2.448379016897125116e+00,2.800122511334413744e+01,2.547487551016561547e+00
1.619384443995177492e+01,2.500000000000000000e-01,2.800000000000000000e+01,2.801173852723809787e+01,2.447602566679340619e+00,2.549999999999999822e+00,2.801173852723809787e+01,2.447602566679340619e+00,2.800126316470366916e+01,2.547448698923456156e+00
1.644384443995177492e+01,2.500000000000000000e-01,2.800000000000000000e+01,2.801200712980894281e+01,2.446832345702918410e+00,2.549999999999999822e+00,2.801200712980894281e+01,2.446832345702918410e+00,2.800130178254005386e+01,2.547409859229528006e+00
1.669384443995177492e+01,2.500000000000000000e-01,2.800000000000000000e+01,2.801227765549151272e+01,2.446068212342313419e+00,2.549999999999999822e+00,2.801227765549151272e+01,2.446068212342313419e+00,2.800134096628712044e+01,2.547371031836248800e+00
1.694384443995177492e+01,2.500000000000000000e-01,2.800000000000000000e+01,2.801255008805801694e+01,2.445310030255805955e+00,2.549999999999999822e+00,2.801255008805801694e+01,2.445310030255805955e+00,2.800138071538349749e+01,2.547332216647315128e+00
1.719384443995177492e+01,2.500000000000000000e-01,2.800000000000000000e+01,2.801282441164375925e+01,2.444557668113589877e+00,2.549999999999999822e+00,2.801282441164375925e+01,2.444557668113589877e+00,2.800142102927249610e+01,2.547293413568562759e+00
1.744384443995177492e+01,2.500000000000000000e-01,2.800000000000000000e+01,2.801310061073388269e+01,2.443810999343591916e+00,2.549999999999999822e+00,2.801310061073388269e+01,2.443810999343591916e+00,2.800146190740204588e+01,2.547254622507892030e+00
1.769384443995177492e+01,2.500000000000000000e-01,2.800000000000000000e+01,2.801337867015074679e+01,2.443069901893631712e+00,2.549999999999999822e+00,2.801337867015074679e+01,2.443069901893631712e+00,2.800150334922458839e+01,2.547215843375192357e+00
1.794384443995177492e+01,2.500000000000000000e-01,2.800000000000000000e+01,2.801365857504197621e+01,2.442334258008648007e+00,2.549999999999999822e+00,2.801365857504197621e+01,2.442334258008648007e+00,2.800154535419693502e+01,2.547177076082267622e+00
1.819384443995177492e+01,2.500000000000000000e-01,2.800000000000000000e+01,2.801394031086904945e+01,2.441603954021845713e+00,2.549999999999999822e+00,2.801394031086904945e+01,2.441603954021845713e+00,2.800158792178021372e+01,2.547138320542777556e+00
1.844384443995177492e+01,2.500000000000000000e-01,2.800000000000000000e+01,2.801422386339647019e+01,2.440878880158717124e+00,2.549999999999999822e+00,2.801422386339647019e+01,2.440878880158717124e+00,2.800163105143979791e+01,2.547099576672166688e+00
1.869384443995177492e+01,2.500000000000000000e-01,2.800000000000000000e+01,2.801450921868145016e+01,2.440158930352978484e+00,2.549999999999999822e+00,2.801450921868145016e+01,2.440158930352978484e+00,2.800167474264513956e+01,2.547060844387605716e+00
1.894384443995177492e+01,2.500000000000000000e-01,2.800000000000000000e+01,2.801479636306404686e+01,2.439444002073551054e+00,2.549999999999999822e+00,2.801479636306404686e+01,2.439444002073551054e+00,2.800171899486979044e+01,2.547022123607935118e+00
1.919384443995177492e+01,2.500000000000000000e-01,2.800000000000000000e+01,2.801508528315780922e+01,2.438733996161777551e+00,2.549999999999999822e+00,2.801508528315780922e+01,2.438733996161777551e+00,2.800176380759123873e+01,2.546983414253607858e+00
1.944384443995177492e+01,2.500000000000000000e-01,2.800000000000000000e+01,2.801537596584081413e+01,2.438028816678158961e+00,2.549999999999999822e+00,2.801537596584081413e+01,2.438028816678158961e+00,2.800180918029084509e+01,2.546944716246638318e+00
1.969384443995177492e+01,2.500000000000000000e-01,2.800000000000000000e+01,2.801566839824711153e+01,2.437328370757925189e+00,2.549999999999999822e+00,2.801566839824711153e+01,2.437328370757925189e+00,2.800185511245381065e+01,2.546906029510549452e+00
1.994384443995177492e+01,2.500000000000000000e-01,2.800000000000000000e+01,2.801596256775857796e+01,2.436632568474836003e+00,2.549999999999999822e+00,2.801596256775857796e+01,2.436632568474836003e+00,2.800190160356905977e+01,2.546867353970328374e+00
2.019384443995177492e+01,2.500000000000000000e-01,2.800000000000000000e+01,2.801625846199709002e+01,2.435941322712638524e+00,2.549999999999999822e+00,2.801625846199709002e+01,2.435941322712638524e+00,2.800194865312915482e+01,2.546828689552377512e+00
2.044384443995177492e+01,2.500000000000000000e-01,2.800000000000000000e+01,2.801655606881706007e+01,2.435254549043667449e+00,2.549999999999999822e+00,2.801655606881706007e+01,2.435254549043667449e+00,2.800199626063028902e+01,2.546790036184471084e+00
2.069384443995177492e+01,2.500000000000000000e-01,2.800000000000000000e+01,2.801685537629831302e+01,2.434572165614103945e+00,2.549999999999999822e+00,2.801685537629831302e+01,2.434572165614103945e+00,2.800204442557217277e+01,2.546751393795715135e+00
2.094384443995177492e+01,2.500000000000000000e-01,2.800000000000000000e+01,2.801715637273920834e+01,2.433894093035457562e+00,2.549999999999999822e+00,2.801715637273920834e+01,2.433894093035457562e+00,2.800209314745796974e+01,2.546712762316501344e+00
2.119384443995177492e+01,2.500000000000000000e-01,2.800000000000000000e+01,2.801745904665011722e+01,2.433220254281856398e+00,2.549999999999999822e+00,2.801745904665011722e+01,2.433220254281856398e+00,2.800214242579422930e+01,2.546674141678477277e+00
2.144384443995177492e+01,2.500000000000000000e-01,2.800000000000000000e+01,2.801776338674711653e+01,2.432550574592778236e+00,2.549999999999999822e+00,2.801776338674711653e+01,2.432550574592778236e+00,2.800219226009090079e+01,2.546635531814502862e+00
2.169384443995177492e+01,2.500000000000000000e-01,2.800000000000000000e+01,2.801806938194597052e+01,2.431884981380868282e+00,2.549999999999999822e+00,2.801806938194597052e+01,2.431884981380868282e+00,2.800224264986111322e+01,2.546596932658617085e+00
2.194384443995177492e+01,2.500000000000000000e-01,2.800000000000000000e+01,2.801837702135635411e+01,2.431223404144524647e+00,2.549999999999999822e+00,2.801837702135635411e+01,2.431223404144524647e+00,2.800229359462132450e+01,2.546558344146000685e+00
2.219384443995177492e+01,2.500000000000000000e-01,2.800000000000000000e+01,2.801868629427629287e+01,2.430565774384952249e+00,2.549999999999999822e+00,2.801868629427629287e+01,2.430565774384952249e+00,2.800234509389105497e+01,2.546519766212950842e+00
2.244384443995177492e+01,2.500000000000000000e-01,2.800000000000000000e+01,2.801899719018683399e+01,2.429912025527412922e+00,2.549999999999999822e+00,2.801899719018683399e+01,2.429912025527412922e+00,2.800239714719302242e+01,2.546481198796842982e+00
2.269384443995177492e+01,2.500000000000000000e-01,2.800000000000000000e+01,2.801930969874692678e+01,2.429262092846408816e+00,2.549999999999999822e+00,2.801930969874692678e+01,2.429262092846408816e+00,2.800244975405293957e+01,2.546442641836101473e+00
2.294384443995177492e+01,2.500000000000000000e-01,2.800000000000000000e+01,2.801962380978849865e+01,2.428615913394566839e+00,2.549999999999999822e+00,2.801962380978849865e+01,2.428615913394566839e+00,2.800250291399957447e+01,2.546404095270174306e+00
2.319384443995177492e+01,2.500000000000000000e-01,2.800000000000000000e+01,2.801993951331171218e+01,2.427973425935002538e+00,2.549999999999999822e+00,2.801993951331171218e+01,2.427973425935002538e+00,2.800255662656459421e+01,2.546365559039502457e+00
2.344384443995177492e+01,2.500000000000000000e-01,2.800000000000000000e+01,2.802025679948041770e+01,2.427334570876951592e+00,2.549999999999999822e+00,2.802025679948041770e+01,2.427334570876951592e+00,2.800261089128263947e+01,2.546327033085492353e+00
2.369384443995177492e+01,2.500000000000000000e-01,2.800000000000000711e+01,2.802057565861776567e+01,2.426699290214488602e+00,2.549999999999999822e+00,2.802057565861776567e+01,2.426699290214488602e+00,2.800266570769113628e+01,2.546288517350491443e+00
2.394384443995177492e+01,2.500000000000000000e-01,2.800000000000000711e+01,2.802089608120198250e+01,2.426067527468142249e+00,2.549999999999999822e+00,2.802089608120198250e+01,2.426067527468142249e+00,2.800272107533040256e+01,2.546250011777763333e+00
2.419384443995177492e+01,2.500000000000000000e-01,2.800000000000000711e+01,2.802121805786228848e+01,2.425439227629250905e+00,2.549999999999999822e+00,2.802121805786228848e+01,2.425439227629250905e+00,2.800277699374347407e+01,2.546211516311463807e+00
2.444384443995177492e+01,2.500000000000000000e-01,2.800000000000001421e+01,2.802154157937501111e+01,2.424814337106898421e+00,2.549999999999999822e+00,2.802154157937501111e+01,2.424814337106898421e+00,2.800283346247612215e+01,2.546173030896616396e+00
2.469384443995177492e+01,2.500000000000000000e-01,2.800000000000001776e+01,2.802186663665976951e+01,2.424192803677284846e+00,2.549999999999999822e+00,2.802186663665976951e+01,2.424192803677284846e+00,2.800289048107680401e+01,2.546134555479091510e+00
2.494384443995177492e+01,2.500000000000000000e-01,2.800000000000002132e+01,2.802219322077584707e+01,2.423574576435398864e+00,2.549999999999999822e+00,2.802219322077584707e+01,2.423574576435398864e+00,2.800294804909663071e+01,2.546096090005586010e+00
2.519384443995177492e+01,2.500000000000000000e-01,2.800000000000002842e+01,2.802252132291867426e+01,2.422959605748866707e+00,2.549999999999999822e+00,2.802252132291867426e+01,2.422959605748866707e+00,2.800300616608929261e+01,2.546057634423597893e+00
2.544384443995177492e+01,2.500000000000000000e-01,2.800000000000003908e+01,2.802285093441643227e+01,2.422347843213854102e+00,2.549999999999999822e+00,2.802285093441643227e+01,2.422347843213854102e+00,2.800306483161104865e+01,2.546019188681412082e+00
2.569384443995177492e+01,2.500000000000000000e-01,2.800000000000004619e+01,2.802318204672677382e+01,2.421739241612914206e+00,2.549999999999999822e+00,2.802318204672677382e+01,2.421739241612914206e+00,2.800312404522069087e+01,2.545980752728077334e+00
2.594384443995177492e+01,2.500000000000000000e-01,2.800000000000006040e+01,2.802351465143365772e+01,2.421133754874677191e+00,2.549999999999999822e+00,2.802351465143365772e+01,2.421133754874677191e+00,2.800318380647949468e+01,2.545942326513387588e+00
2.619384443995177492e+01,2.500000000000000000e-01,2.800000000000007816e+01,2.802384874024429351e+01,2.420531338035286861e+00,2.549999999999999822e+00,2.802384874024429351e+01,2.420531338035286861e+00,2.800324411495116550e+01,2.545903909987867753e+00
2.644384443995177492e+01,2.500000000000000000e-01,2.800000000000009948e+01,2.802418430498618918e+01,2.419931947201482192e+00,2.549999999999999822e+00,2.802418430498618918e+01,2.419931947201482192e+00,2.800330497020183884e+01,2.545865503102752392e+00
2.669384443995177492e+01,2.500000000000000000e-01,2.800000000000012790e+01,2.802452133760428410e+01,2.419335539515255373e+00,2.549999999999999822e+00,2.802452133760428410e+01,2.419335539515255373e+00,2.800336637180003407e+01,2.545827105809967073e+00
2.694384443995177492e+01,2.500000000000000000e-01,2.800000000000015987e+01,2.802485983015818860e+01,2.418742073119987790e+00,2.549999999999999822e+00,2.802485983015818860e+01,2.418742073119987790e+00,2.800342831931660825e+01,2.545788718062120370e+00
2.719384443995177492e+01,2.500000000000000000e-01,2.800000000000020250e+01,2.802519977481951940e+01,2.418151507128001754e+00,2.549999999999999822e+00,2.802519977481951940e+01,2.418151507128001754e+00,2.800349081232472059e+01,2.545750339812478558e+00
2.744384443995177492e+01,2.500000000000000000e-01,2.800000000000025224e+01,2.802554116386930616e+01,2.417563801589450723e+00,2.549999999999999822e+00,2.802554116386930616e+01,2.417563801589450723e+00,2.800355385039982181e+01,2.545711971014956720e+00
2.769384443995177492e+01,2.500000000000000000e-01,2.800000000000031619e+01,2.802588398969548678e+01,2.416978917462481391e+00,2.549999999999999822e+00,2.802588398969548678e+01,2.416978917462481391e+00,2.800361743311959017e+01,2.545673611624100996e+00
2.794384443995177492e+01,2.500000000000000000e-01,2.800000000000039435e+01,2.802622824479047736e+01,2.416396816584604146e+00,2.549999999999999822e+00,2.802622824479047736e+01,2.416396816584604146e+00,2.800368156006396703e+01,2.545635261595074361e+00
2.819384443995177492e+01,2.500000000000000000e-01,2.800000000000048672e+01,2.802657392174883810e+01,2.415817461645217712e+00,2.549999999999999822e+00,2.802657392174883810e+01,2.415817461645217712e+00,2.800374623081501468e+01,2.545596920883644643e+00
2.844384443995177492e+01,2.500000000000000000e-01,2.800000000000060041e+01,2.802692101326498175e+01,2.415240816159222259e+00,2.549999999999999822e+00,2.802692101326498175e+01,2.415240816159222259e+00,2.800381144495699814e+01,2.545558589446170306e+00
2.869384443995177492e+01,2.500000000000000000e-01,2.800000000000073896e+01,2.802726951213097806e+01,2.414666844441678784e+00,2.549999999999999822e+00,2.802726951213097806e+01,2.414666844441678784e+00,2.800387720207629982e+01,2.545520267239587131e+00
2.894384443995177492e+01,2.500000000000000000e-01,2.800000000000090239e+01,2.802761941123441858e+01,2.414095511583457920e+00,2.549999999999999822e+00,2.802761941123441858e+01,2.414095511583457920e+00,2.800394350176138758e+01,2.545481954221394449e+00
2.919384443995177492e+01,2.500000000000000000e-01,2.800000000000110134e+01,2.802797070355633124e+01,2.413526783427833333e+00,2.549999999999999822e+00,2.802797070355633124e+01,2.413526783427833333e+00,2.800401034360282182e+01,2.545443650349644482e+00
2.944384443995177492e+01,2.500000000000000000e-01,2.800000000000134293e+01,2.802832338216918018e+01,2.412960626547973941e+00,2.549999999999999822e+00,2.802832338216918018e+01,2.412960626547973941e+00,2.800407772719319155e+01,2.545405355582931239e+00
2.969384443995177492e+01,2.500000000000000000e-01,2.800000000000162714e+01,2.802867744023491170e+01,2.412397008225298567e+00,2.549999999999999822e+00,2.802867744023491170e+01,2.412397008225298567e+00,2.800414565212708951e+01,2.545367069880376754e+00
2.994384443995177492e+01,2.500000000000000000e-01,2.800000000000196820e+01,2.802903287100306784e+01,2.411835896428644155e+00,2.549999999999999822e+00,2.802903287100306784e+01,2.411835896428644155e+00,2.800421411800113347e+01,2.545328793201619977e+00
3.019384443995177492e+01,2.500000000000000000e-01,2.800000000000237321e+01,2.802938966780893892e+01,2.411277259794218253e+00,2.549999999999999822e+00,2.802938966780893892e+01,2.411277259794218253e+00,2.800428312441390588e+01,2.545290525506809676e+00
3.044384443995177492e+01,2.500000000000000000e-01,2.800000000000285283e+01,2.802974782407177301e+01,2.410721067606295787e+00,2.549999999999999822e+00,2.802974782407177301e+01,2.410721067606295787e+00,2.800435267096590408e+01,2.545252266756589332e+00
3.069384443995177492e+01,2.500000000000000000e-01,2.800000000000342126e+01,2.803010733329307413e+01,2.410167289778627708e+00,2.549999999999999822e+00,2.803010733329307413e+01,2.410167289778627708e+00,2.800442275725954389e+01,2.545214016912089150e+00
3.094384443995177492e+01,2.500000000000000000e-01,2.800000000000409273e+01,2.803046818905488280e+01,2.409615896836530879e+00,2.549999999999999822e+00,2.803046818905488280e+01,2.409615896836530879e+00,2.800449338289915602e+01,2.545175775934915841e+00
3.119384443995177492e+01,2.500000000000000000e-01,2.800000000000488143e+01,2.803083038501816660e+01,2.409066859899625435e+00,2.549999999999999822e+00,2.803083038501816660e+01,2.409066859899625435e+00,2.800456454749091861e+01,2.545137543787145518e+00
3.144384443995177492e+01,2.500000000000000000e-01,2.800000000000580513e+01,2.803119391492121792e+01,2.408520150665198312e+00,2.549999999999999822e+00,2.803119391492121792e+01,2.408520150665198312e+00,2.800463625064289985e+01,2.545099320431305934e+00
3.169384443995177492e+01,2.500000000000000000e-01,2.800000000000688516e+01,2.803155877257810857e+01,2.407975741392152536e+00,2.549999999999999822e+00,2.803155877257810857e+01,2.407975741392152536e+00,2.800470849196492651e+01,2.545061105830377812e+00
3.194384443995177492e+01,2.500000000000000000e-01,2.800000000000814637e+01,2.803192495187719757e+01,2.407433604885536038e+00,2.549999999999999822e+00,2.803192495187719757e+01,2.407433604885536038e+00,2.800478127106868342e+01,2.545022899947779749e+00
3.219384443995177492e+01,2.500000000000000000e-01,2.800000000000961720e+01,2.803229244677966747e+01,2.406893714481604274e+00,2.550000000000000266e+00,2.803229244677966747e+01,2.406893714481604274e+00,2.800485458756760693e+01,2.544984702747361549e+00
3.244384443995177492e+01,2.500000000000000000e-01,2.800000000001132605e+01,2.803266125131808906e+01,2.406356044033410413e+00,2.549999999999999822e+00,2.803266125131808906e+01,2.406356044033410413e+00,2.800492844107689905e+01,2.544946514193395792e+00
3.269384443995177492e+01,2.500000000000000000e-01,2.800000000001330491e+01,2.803303135959506420e+01,2.405820567896891582e+00,2.550000000000000266e+00,2.803303135959506420e+01,2.405820567896891582e+00,2.800500283121351330e+01,2.544908334250569393e+00
3.294384443995177492e+01,2.500000000000000000e-01,2.800000000001559641e+01,2.803340276578185453e+01,2.405287260917433834e+00,2.549999999999999822e+00,2.803340276578185453e+01,2.405287260917433834e+00,2.800507775759610851e+01,2.544870162883973830e+00
3.319384443995177492e+01,2.500000000000000000e-01,2.800000000001823963e+01,2.803377546411708821e+01,2.404756098416894083e+00,2.550000000000000266e+00,2.803377546411708821e+01,2.404756098416894083e+00,2.800515321984503814e+01,2.544832000059102040e+00
3.344384443995177492e+01,2.500000000000000000e-01,2.800000000002128431e+01,2.803414944890548810e+01,2.404227056181062139e+00,2.549999999999999822e+00,2.803414944890548810e+01,2.404227056181062139e+00,2.800522921758235384e+01,2.544793845741836869e+00
3.369384443995177492e+01,2.500000000000000000e-01,2.800000000002478373e+01,2.803452471451661054e+01,2.403700110447544169e+00,2.550000000000000266e+00,2.803452471451661054e+01,2.403700110447544169e+00,2.800530575043175929e+01,2.544755699898443080e+00
3.394384443995177492e+01,2.500000000000000000e-01,2.800000000002879830e+01,2.803490125538365874e+01,2.403175237894047633e+00,2.549999999999999822e+00,2.803490125538365874e+01,2.403175237894047633e+00,2.800538281801857465e+01,2.544717562495565133e+00
3.419384443995177492e+01,2.500000000000000000e-01,2.800000000003339551e+01,2.803527906600228903e+01,2.402652415627057891e+00,2.550000000000000266e+00,2.803527906600228903e+01,2.402652415627057891e+00,2.800546041996978275e+01,2.544679433500215637e+00
3.444384443995177492e+01,2.500000000000000000e-01,2.800000000003864997e+01,2.803565814092947761e+01,2.402131621170882081e+00,2.550000000000000266e+00,2.803565814092947761e+01,2.402131621170882081e+00,2.800553855591394736e+01,2.544641312879769579e+00
3.469384443995177492e+01,2.500000000000000000e-01,2.800000000004463985e+01,2.803603847478238364e+01,2.401612832457053148e+00,2.550000000000000266e+00,2.803603847478238364e+01,2.401612832457053148e+00,2.800561722548122034e+01,2.544603200601960324e+00
3.494384443995177492e+01,2.500000000000000000e-01,2.800000000005146106e+01,2.803642006223727634e+01,2.401096027814076717e+00,2.549999999999999822e+00,2.803642006223727634e+01,2.401096027814076717e+00,2.800569642830334516e+01,2.544565096634869406e+00
3.519384443995177492e+01,2.500000000000000000e-01,2.800000000005920953e+01,2.803680289802846559e+01,2.400581185957507024e+00,2.550000000000000266e+00,2.803680289802846559e+01,2.400581185957507024e+00,2.800577616401358583e+01,2.544527000946922080e+00
3.544384443995177492e+01,2.500000000000000000e-01,2.800000000006800249e+01,2.803718697694726103e+01,2.400068285980338167e+00,2.550000000000000266e+00,2.803718697694726103e+01,2.400068285980338167e+00,2.800585643224673760e+01,2.544488913506881556e+00
3.569384443995177492e+01,2.500000000000000000e-01,2.800000000007796075e+01,2.803757229384097016e+01,2.399557307343702650e+00,2.550000000000000266e+00,2.803757229384097016e+01,2.399557307343702650e+00,2.800593723263916601e+01,2.544450834283843665e+00
3.594384443995177492e+01,2.500000000000000000e-01,2.800000000008921575e+01,2.803795884361191071e+01,2.399048229867860815e+00,2.549999999999999822e+00,2.803795884361191071e+01,2.399048229867860815e+00,2.800601856482867902e+01,2.544412763247227094e+00
3.619384443995177492e+01,2.500000000000000000e-01,2.800000000010192025e+01,2.803834662121644783e+01,2.398541033723471383e+00,2.550000000000000266e+00,2.803834662121644783e+01,2.398541033723471383e+00,2.800610042845460512e+01,2.544374700366773823e+00
3.644384443995177492e+01,2.500000000000000000e-01,2.800000000011623769e+01,2.803873562166404554e+01,2.398035699423134659e+00,2.550000000000000266e+00,2.803873562166404554e+01,2.398035699423134659e+00,2.800618282315774010e+01,2.544336645612538028e+00
3.669384443995177492e+01,2.500000000000000000e-01,2.800000000013234214e+01,2.803912584001637853e+01,2.397532207813194649e+00,2.550000000000000266e+00,2.803912584001637853e+01,2.397532207813194649e+00,2.800626574858032924e+01,2.544298598954883417e+00
3.694384443995177492e+01,2.500000000000000000e-01,2.800000000015043256e+01,2.803951727138640493e+01,2.397030540065793414e+00,2.549999999999999822e+00,2.803951727138640493e+01,2.397030540065793414e+00,2.800634920436604958e+01,2.544260560364481005e+00
3.719384443995177492e+01,2.500000000000000000e-01,2.800000000017072210e+01,2.803990991093751717e+01,2.396530677671165677e+00,2.550000000000000266e+00,2.803990991093751717e+01,2.396530677671165677e+00,2.800643319016001342e+01,2.544222529812292688e+00
3.744384443995177492e+01,2.500000000000000000e-01,2.800000000019344171e+01,2.804030375388268226e+01,2.396032602430168357e+00,2.550000000000000266e+00,2.804030375388268226e+01,2.396032602430168357e+00,2.800651770560875775e+01,2.544184507269582785e+00
3.769384443995177492e+01,2.500000000000000000e-01,2.800000000021885072e+01,2.804069879548361754e+01,2.395536296447031255e+00,2.550000000000000266e+00,2.804069879548361754e+01,2.395536296447031255e+00,2.800660275036019087e+01,2.544146492707898943e+00
3.794384443995177492e+01,2.500000000000000000e-01,2.800000000024722269e+01,2.804109503104995582e+01,2.395041742122324901e+00,2.549999999999999822e+00,2.804109503104995582e+01,2.395041742122324901e+00,2.800668832406361020e+01,2.544108486099074362e+00
3.819384443995177492e+01,2.500000000000000000e-01,2.800000000027885605e+01,2.804149245593847795e+01,2.394548922146139347e+00,2.550000000000000266e+00,2.804149245593847795e+01,2.394548922146139347e+00,2.800677442636968806e+01,2.544070487415221127e+00
3.844384443995177492e+01,2.500000000000000000e-01,2.800000000031408476e+01,2.804189106555232769e+01,2.394057819491458350e+00,2.549999999999999822e+00,2.804189106555232769e+01,2.394057819491458350e+00,2.800686105693045036e+01,2.544032496628726214e+00
3.869384443995177492e+01,2.500000000000000000e-01,2.800000000035325343e+01,2.804229085534024435e+01,2.393568417407731630e+00,2.550000000000000266e+00,2.804229085534024435e+01,2.393568417407731630e+00,2.800694821539925883e+01,2.543994513712247052e+00
3.894384443995177492e+01,2.500000000000000000e-01,2.800000000039675285e+01,2.804269182079583800e+01,2.393080699414631418e+00,2.550000000000000266e+00,2.804269182079583800e+01,2.393080699414631418e+00,2.800703590143079680e+01,2.543956538638706188e+00
3.919384443995177492e+01,2.500000000000000000e-01,2.800000000044499870e+01,2.804309395745685762e+01,2.392594649295991083e+00,2.550000000000000266e+00,2.804309395745685762e+01,2.392594649295991083e+00,2.800712411468106922e+01,2.543918571381290405e+00
3.944384443995177492e+01,2.500000000000000000e-01,2.800000000049843507e+01,2.804349726090448058e+01,2.392110251093912954e+00,2.550000000000000266e+00,2.804349726090448058e+01,2.392110251093912954e+00,2.800721285480740619e+01,2.543880611913438727e+00
3.969384443995177492e+01,2.500000000000000000e-01,2.800000000055754867e+01,2.804390172676261983e+01,2.391627489103050230e+00,2.550000000000000266e+00,2.804390172676261983e+01,2.391627489103050230e+00,2.800730212146838483e+01,2.543842660208848194e+00
3.994384443995177492e+01,2.500000000000000000e-01,2.800000000062286531e+01,2.804430735069726666e+01,2.391146347865046540e+00,2.549999999999999822e+00,2.804430735069726666e+01,2.391146347865046540e+00,2.800739191432387898e+01,2.543804716241463648e+00
4.019384443995177492e+01,2.500000000000000000e-01,2.800000000069494277e+01,2.804471412841579792e+01,2.390666812163133148e+00,2.550000000000000266e+00,2.804471412841579792e+01,2.390666812163133148e+00,2.800748223303502726e+01,2.543766779985474180e+00
4.044384443995177492e+01,2.500000000000000000e-01,2.800000000077439211e+01,2.804512205566635430e+01,2.390188867016875829e+00,2.549999999999999822e+00,2.804512205566635430e+01,2.390188867016875829e+00,2.800757307726422951e+01,2.543728851415311354e+00
4.069384443995177492e+01,2.500000000000000000e-01,2.800000000086185992e+01,2.804553112823719729e+01,2.389712497677070946e+00,2.550000000000000266e+00,2.804553112823719729e+01,2.389712497677070946e+00,2.800766444667511124e+01,2.543690930505644321e+00
4.094384443995177492e+01,2.500000000000000000e-01,2.800000000095804609e+01,2.804594134195608035e+01,2.389237689620777871e+00,2.550000000000000266e+00,2.804594134195608035e+01,2.389237689620777871e+00,2.800775634093253075e+01,2.543653017231377600e+00
4.119384443995177492e+01,2.500000000000000000e-01,2.800000000106370379e+01,2.804635269268966269e+01,2.388764428546491736e+00,2.550000000000000266e+00,2.804635269268966269e+01,2.388764428546491736e+00,2.800784875970255783e+01,2.543615111567645748e+00
4.144384443995177492e+01,2.500000000000000000e-01,2.800000000117963594e+01,2.804676517634289823e+01,2.388292700369446298e+00,2.549999999999999822e+00,2.804676517634289823e+01,2.388292700369446298e+00,2.800794170265248795e+01,2.543577213489809363e+00
4.169384443995177492e+01,2.500000000000000000e-01,2.800000000130670230e+01,2.804717878885847071e+01,2.387822491217042487e+00,2.550000000000000266e+00,2.804717878885847071e+01,2.387822491217042487e+00,2.800803516945078897e+01,2.543539322973452421e+00
4.194384443995177492e+01,2.500000000000000000e-01,2.800000000144583012e+01,2.804759352621620749e+01,2.387353787424403073e+00,2.550000000000000266e+00,2.804759352621620749e+01,2.387353787424403073e+00,2.800812915976712603e+01,2.543501439994380942e+00
4.219384443995177492e+01,2.500000000000000000e-01,2.800000000159799285e+01,2.804800938443253600e+01,2.386886575530045018e+00,2.550000000000000266e+00,2.804800938443253600e+01,2.386886575530045018e+00,2.800822367327234375e+01,2.543463564528617660e+00
4.244384443995177492e+01,2.500000000000000000e-01,2.800000000176425274e+01,2.804842635955992947e+01,2.386420842271666398e+00,2.550000000000000266e+00,2.804842635955992947e+01,2.386420842271666398e+00,2.800831870963843784e+01,2.543425696552398030e+00
4.269384443995177492e+01,2.500000000000000000e-01,2.800000000194572181e+01,2.804884444768638474e+01,2.385956574582045686e+00,2.550000000000000266e+00,2.804884444768638474e+01,2.385956574582045686e+00,2.800841426853853022e+01,2.543387836042168004e+00
4.294384443995177492e+01,2.500000000000000000e-01,2.800000000214360441e+01,2.804926364493488933e+01,2.385493759585048057e+00,2.549999999999999822e+00,2.804926364493488933e+01,2.385493759585048057e+00,2.800851034964695430e+01,2.543349982974583146e+00
4.319384443995177492e+01,2.500000000000000000e-01,2.800000000235916886e+01,2.804968394746291338e+01,2.385032384591739607e+00,2.550000000000000266e+00,2.804968394746291338e+01,2.385032384591739607e+00,2.800860695263910216e+01,2.543312137326501077e+00
4.344384443995177492e+01,2.500000000000000000e-01,2.800000000259376876e+01,2.805010535146190165e+01,2.384572437096595721e+00,2.549999999999999822e+00,2.805010535146190165e+01,2.384572437096595721e+00,2.800870407719152411e+01,2.543274299074982814e+00
4.369384443995177492e+01,2.500000000000000000e-01,2.800000000284884649e+01,2.805052785315679742e+01,2.384113904773815129e+00,2.550000000000000266e+00,2.805052785315679742e+01,2.384113904773815129e+00,2.800880172298188242e+01,2.543236468197286548e+00
4.394384443995177492e+01,2.500000000000000000e-01,2.800000000312593684e+01,2.805095144880554514e+01,2.383656775473723677e+00,2.549999999999999822e+00,2.805095144880554514e+01,2.383656775473723677e+00,2.800889988968893718e+01,2.543198644670866315e+00
4.419384443995177492e+01,2.500000000000000000e-01,2.800000000342665629e+01,2.805137613469862146e+01,2.383201037219271790e+00,2.550000000000000266e+00,2.805137613469862146e+01,2.383201037219271790e+00,2.800899857699253559e+01,2.543160828473371549e+00
4.444384443995177492e+01,2.500000000000000000e-01,2.800000000375273146e+01,2.805180190715858046e+01,2.382746678202622093e+00,2.549999999999999822e+00,2.805180190715858046e+01,2.382746678202622093e+00,2.800909778457360133e+01,2.543123019582639976e+00
4.469384443995177492e+01,2.500000000000000000e-01,2.800000000410599199e+01,2.805222876253958830e+01,2.382293686781820075e+00,2.550000000000000266e+00,2.805222876253958830e+01,2.382293686781820075e+00,2.800919751211415587e+01,2.543085217976694956e+00
4.494384443995177492e+01,2.500000000000000000e-01,2.800000000448837056e+01,2.805265669722699329e+01,2.381842051477551792e+00,2.550000000000000266e+00,2.805265669722699329e+01,2.381842051477551792e+00,2.800929775929724741e+01,2.543047423633749471e+00
4.519384443995177492e+01,2.500000000000000000e-01,2.800000000490190999e+01,2.805308570763687470e+01,2.381391760969980620e+00,2.550000000000000266e+00,2.805308570763687470e+01,2.381391760969980620e+00,2.800939852580701839e+01,2.543009636532195028e+00
4.544384443995177492e+01,2.500000000000000000e-01,2.800000000534877742e+01,2.805351579021562358e+01,2.380942804095663945e+00,2.550000000000000266e+00,2.805351579021562358e+01,2.380942804095663945e+00,2.800949981132864153e+01,2.542971856650605211e+00
4.569384443995177492e+01,2.500000000000000000e-01,2.800000000583126436e+01,2.805394694143951995e+01,2.380495169844544900e+00,2.550000000000000266e+00,2.805394694143951995e+01,2.380495169844544900e+00,2.800960161554830918e+01,2.542934083967729908e+00
4.594384443995177492e+01,2.500000000000000000e-01,2.800000000635178310e+01,2.805437915781432778e+01,2.380048847357018715e+00,2.550000000000000266e+00,2.805437915781432778e+01,2.380048847357018715e+00,2.800970393815327952e+01,2.542896318462494420e+00
4.619384443995177492e+01,2.500000000000000000e-01,2.800000000691288449e+01,2.805481243587488649e+01,2.379603825921070559e+00,2.550000000000000266e+00,2.805481243587488649e+01,2.379603825921070559e+00,2.800980677883179837e+01,2.542858560113995026e+00
4.644384443995177492e+01,2.500000000000000000e-01,2.800000000751725793e+01,2.805524677218471297e+01,2.379160094969483996e+00,2.550000000000000266e+00,2.805524677218471297e+01,2.379160094969483996e+00,2.800991013727312406e+01,2.542820808901501639e+00
4.669384443995177492e+01,2.500000000000000000e-01,2.800000000816773493e+01,2.805568216333562148e+01,2.378717644077114723e+00,2.550000000000000266e+00,2.805568216333562148e+01,2.378717644077114723e+00,2.801001401316755590e+01,2.542783064804448934e+00
4.694384443995177492e+01,2.500000000000000000e-01,2.800000000886729978e+01,2.805611860594733642e+01,2.378276462958232695e+00,2.550000000000000266e+00,2.805611860594733642e+01,2.378276462958232695e+00,2.801011840620634530e+01,2.542745327802438560e+00
4.719384443995177492e+01,2.500000000000000000e-01,2.800000000961909663e+01,2.805655609666711570e+01,2.377836541463925979e+00,2.550000000000000266e+00,2.805655609666711570e+01,2.377836541463925979e+00,2.801022331608174554e+01,2.542707597875235592e+00
4.744384443995177492e+01,2.500000000000000000e-01,2.800000001042642594e+01,2.805699463216938838e+01,2.377397869579565448e+00,2.550000000000000266e+00,2.805699463216938838e+01,2.377397869579565448e+00,2.801032874248699400e+01,2.542669875002767199e+00
4.769384443995177492e+01,2.500000000000000000e-01,2.800000001129276228e+01,2.805743420915540653e+01,2.376960437422334316e+00,2.550000000000000266e+00,2.805743420915540653e+01,2.376960437422334316e+00,2.801043468511629797e+01,2.542632159165116867e+00
4.794384443995177492e+01,2.500000000000000000e-01,2.800000001222175428e+01,2.805787482435286151e+01,2.376524235238809624e+00,2.550000000000000266e+00,2.805787482435286151e+01,2.376524235238809624e+00,2.801054114366481329e+01,2.542594450342529733e+00
4.819384443995177492e+01,2.500000000000000000e-01,2.800000001321723175e+01,2.805831647451557131e+01,2.376089253402604129e+00,2.550000000000000266e+00,2.805831647451557131e+01,2.376089253402604129e+00,2.801064811782867281e+01,2.542556748515401033e+00
4.844384443995177492e+01,2.500000000000000000e-01,2.800000001428321283e+01,2.805875915642311469e+01,2.375655482412063702e+00,2.550000000000000266e+00,2.805875915642311469e+01,2.375655482412063702e+00,2.801075560730493663e+01,2.542519053664282769e+00
4.869384443995177492e+01,2.500000000000000000e-01,2.800000001542391459e+01,2.805920286688050780e+01,2.375222912888014903e+00,2.550000000000000266e+00,2.805920286688050780e+01,2.375222912888014903e+00,2.801086361179162409e+01,2.542481365769875268e+00
4.894384443995177492e+01,2.500000000000000000e-01,2.800000001664375304e+01,2.805964760271787739e+01,2.374791535571567191e+00,2.550000000000000266e+00,2.805964760271787739e+01,2.374791535571567191e+00,2.801097213098768179e+01,2.542443684813031179e+00
4.919384443995177492e+01,2.500000000000000000e-01,2.800000001794735738e+01,2.806009336079012684e+01,2.374361341321965746e+00,2.550000000000000266e+00,2.806009336079012684e+01,2.374361341321965746e+00,2.801108116459297293e+01,2.542406010774747482e+00
4.944384443995177492e+01,2.500000000000000000e-01,2.800000001933956639e+01,2.806054013797663771e+01,2.373932321114491373e+00,2.550000000000000266e+00,2.806054013797663771e+01,2.373932321114491373e+00,2.801119071230829860e+01,2.542368343636166816e+00
4.969384443995177492e+01,2.500000000000000000e-01,2.800000002082545336e+01,2.806098793118094292e+01,2.373504466038409255e+00,2.550000000000000266e+00,2.806098793118094292e+01,2.373504466038409255e+00,2.801130077383533035e+01,2.542330683378577039e+00
4.994384443995177492e+01,2.500000000000000000e-01,2.800000002241031183e+01,2.806143673733042476e+01,2.373077767294965223e+00,2.550000000000000266e+00,2.806143673733042476e+01,2.373077767294965223e+00,2.801141134887669182e+01,2.542293029983406338e+00
5.019384443995177492e+01,2.500000000000000000e-01,2.800000002409968758e+01,2.806188655337601645e+01,2.372652216195424213e+00,2.550000000000000266e+00,2.806188655337601645e+01,2.372652216195424213e+00,2.801152243713588774e+01,2.542255383432222793e+00
5.044384443995177492e+01,2.500000000000000000e-01,2.800000002589936798e+01,2.806233737629191438e+01,2.372227804159155351e+00,2.550000000000000266e+00,2.806233737629191438e+01,2.372227804159155351e+00,2.801163403831729326e+01,2.542217743706732591e+00
5.069384443995177492e+01,2.500000000000000000e-01,2.800000002781538555e+01,2.806278920307527258e+01,2.371804522711759233e+00,2.550000000000000266e+00,2.806278920307527258e+01,2.371804522711759233e+00,2.801174615212619656e+01,2.542180110788779146e+00
5.094384443995177492e+01,2.500000000000000000e-01,2.800000002985405345e+01,2.806324203074593271e+01,2.371382363483235167e+00,2.550000000000000266e+00,2.806324203074593271e+01,2.371382363483235167e+00,2.801185877826873494e+01,2.542142484660340429e+00
5.119384443995177492e+01,2.500000000000000000e-01,2.800000003202194776e+01,2.806369585634612562e+01,2.370961318206190160e+00,2.550000000000000266e+00,2.806369585634612562e+01,2.370961318206190160e+00,2.801197191645194096e+01,2.542104865303526751e+00
5.144384443995177492e+01,2.500000000000000000e-01,2.800000003432592166e+01,2.806415067694022270e+01,2.370541378714087433e+00,2.550000000000000266e+00,2.806415067694022270e+01,2.370541378714087433e+00,2.801208556638369984e+01,2.542067252700579871e+00
5.169384443995177492e+01,2.500000000000000000e-01,2.800000003677311966e+01,2.806460648961444448e+01,2.370122536939531788e+00,2.550000000000000266e+00,2.806460648961444448e+01,2.370122536939531788e+00,2.801219972777275657e+01,2.542029646833873002e+00
5.194384443995177492e+01,2.500000000000000000e-01,2.800000003937098114e+01,2.806506329147660139e+01,2.369704784912594508e+00,2.550000000000000266e+00,2.806506329147660139e+01,2.369704784912594508e+00,2.801231440032870879e+01,2.541992047685905920e+00
5.219384443995177492e+01,2.500000000000000000e-01,2.800000004212725813e+01,2.806552107965582721e+01,2.369288114759171116e+00,2.550000000000000266e+00,2.806552107965582721e+01,2.369288114759171116e+00,2.801242958376197123e+01,2.541954455239304966e+00
5.244384443995177492e+01,2.500000000000000000e-01,2.800000004505000462e+01,2.806597985130233752e+01,2.368872518699379093e+00,2.550000000000000266e+00,2.806597985130233752e+01,2.368872518699379093e+00,2.801254527778386461e+01,2.541916869476824381e+00
5.269384443995177492e+01,2.500000000000000000e-01,2.800000004814760501e+01,2.806643960358715617e+01,2.368457989045984924e+00,2.550000000000000266e+00,2.806643960358715617e+01,2.368457989045984924e+00,2.801266148210645568e+01,2.541879290381339196e+00
5.294384443995177492e+01,2.500000000000000000e-01,2.800000005142878123e+01,2.806690033370188431e+01,2.368044518202869320e+00,2.549999999999999822e+00,2.806690033370188431e+01,2.368044518202869320e+00,2.801277819644268874e+01,2.541841717935847456e+00
5.319384443995177492e+01,2.500000000000000000e-01,2.800000005490258204e+01,2.806736203885844461e+01,2.367632098663520424e+00,2.550000000000000266e+00,2.806736203885844461e+01,2.367632098663520424e+00,2.801289542050634651e+01,2.541804152123469329e+00
5.344384443995177492e+01,2.500000000000000000e-01,2.800000005857841856e+01,2.806782471628885034e+01,2.367220723009563876e+00,2.550000000000000266e+00,2.806782471628885034e+01,2.367220723009563876e+00,2.801301315401196845e+01,2.541766592927442669e+00
5.369384443995177492e+01,2.500000000000000000e-01,2.800000006246606077e+01,2.806828836324496024e+01,2.366810383909319082e+00,2.550000000000000266e+00,2.806828836324496024e+01,2.366810383909319082e+00,2.801313139667496444e+01,2.541729040331124345e+00
5.394384443995177492e+01,2.500000000000000000e-01,2.800000006657564455e+01,2.806875297699824756e+01,2.366401074116388337e+00,2.550000000000000266e+00,2.806875297699824756e+01,2.366401074116388337e+00,2.801325014821149040e+01,2.541691494317987576e+00
5.419384443995177492e+01,2.500000000000000000e-01,2.800000007091768239e+01,2.806921855483957629e+01,2.365992786468276154e+00,2.550000000000000266e+00,2.806921855483957629e+01,2.365992786468276154e+00,2.801336940833853717e+01,2.541653954871620602e+00
5.444384443995177492e+01,2.500000000000000000e-01,2.800000007550308467e+01,2.806968509407897372e+01,2.365585513885033464e+00,2.549999999999999822e+00,2.806968509407897372e+01,2.365585513885033464e+00,2.801348917677387362e+01,2.541616421975726681e+00
5.469384443995177492e+01,2.500000000000000000e-01,2.800000008034314902e+01,2.807015259204541024e+01,2.365179249367933778e+00,2.550000000000000266e+00,2.807015259204541024e+01,2.365179249367933778e+00,2.801360945323605023e+01,2.541578895614119649e+00
5.494384443995177492e+01,2.500000000000000000e-01,2.800000008544958874e+01,2.807062104608657549e+01,2.364773985998175121e+00,2.549999999999999822e+00,2.807062104608657549e+01,2.364773985998175121e+00,2.801373023744442747e+01,2.541541375770726585e+00
5.519384443995177492e+01,2.500000000000000000e-01,2.800000009083453634e+01,2.807109045356867227e+01,2.364369716935608601e+00,2.550000000000000266e+00,2.807109045356867227e+01,2.364369716935608601e+00,2.801385152911907994e+01,2.541503862429584704e+00
5.544384443995177492e+01,2.500000000000000000e-01,2.800000009651055066e+01,2.807156081187619989e+01,2.363966435417489631e+00,2.549999999999999822e+00,2.807156081187619989e+01,2.363966435417489631e+00,2.801397332798090645e+01,2.541466355574837799e+00
5.569384443995177492e+01,2.500000000000000000e-01,2.800000010249062399e+01,2.807203211841175161e+01,2.363564134757261570e+00,2.550000000000000266e+00,2.807203211841175161e+01,2.363564134757261570e+00,2.801409563375155898e+01,2.541428855190739799e+00
5.594384443995177492e+01,2.500000000000000000e-01,2.800000010878821044e+01,2.807250437059580150e+01,2.363162808343358456e+00,2.549999999999999822e+00,2.807250437059580150e+01,2.363162808343358456e+00,2.801421844615342849e+01,2.541391361261649440e+00
5.619384443995177492e+01,2.500000000000000000e-01,2.800000011541720824e+01,2.807297756586651616e+01,2.362762449638030837e+00,2.550000000000000266e+00,2.807297756586651616e+01,2.362762449638030837e+00,2.801434176490967332e+01,2.541353873772030703e+00
5.644384443995177492e+01,2.500000000000000000e-01,2.800000012239199876e+01,2.807345170167954862e+01,2.362363052176201350e+00,2.549999999999999822e+00,2.807345170167954862e+01,2.362363052176201350e+00,2.801446558974421563e+01,2.541316392706453708e+00
5.669384443995177492e+01,2.500000000000000000e-01,2.800000012972743235e+01,2.807392677550783588e+01,2.361964609564335404e+00,2.550000000000000266e+00,2.807392677550783588e+01,2.361964609564335404e+00,2.801458992038169171e+01,2.541278918049588498e+00
5.694384443995177492e+01,2.500000000000000000e-01,2.800000013743886029e+01,2.807440278484142482e+01,2.361567115479340728e+00,2.549999999999999822e+00,2.807440278484142482e+01,2.361567115479340728e+00,2.801471475654747323e+01,2.541241449786208584e+00
5.719384443995177492e+01,2.500000000000000000e-01,2.800000014554212413e+01,2.807487972718726965e+01,2.361170563667484235e+00,2.550000000000000266e+00,2.807487972718726965e+01,2.361170563667484235e+00,2.801484009796770991e+01,2.541203987901187400e+00
5.744384443995177492e+01,2.500000000000000000e-01,2.800000015405359122e+01,2.807535760006905790e+01,2.360774947943332425e+00,2.549999999999999822e+00,2.807535760006905790e+01,2.360774947943332425e+00,2.801496594436924781e+01,2.541166532379499188e+00
5.769384443995177492e+01,2.500000000000000000e-01,2.800000016299013694e+01,2.807583640102701139e+01,2.360380262188712663e+00,2.550000000000000266e+00,2.807583640102701139e+01,2.360380262188712663e+00,2.801509229547962576e+01,2.541129083206213668e+00
5.794384443995177492e+01,2.500000000000000000e-01,2.800000017236918382e+01,2.807631612761771578e+01,2.359986500351691774e+00,2.549999999999999822e+00,2.807631612761771578e+01,2.359986500351691774e+00,2.801521915102717841e+01,2.541091640366500481e+00
5.819384443995177492e+01,2.500000000000000000e-01,2.800000018220869435e+01,2.807679677741394286e+01,2.359593656445579501e+00,2.550000000000000266e+00,2.807679677741394286e+01,2.359593656445579501e+00,2.801534651074087989e+01,2.541054203845626080e+00
5.844384443995177492e+01,2.500000000000000000e-01,2.800000019252718175e+01,2.807727834800447297e+01,2.359201724547945744e+00,2.549999999999999822e+00,2.807727834800447297e+01,2.359201724547945744e+00,2.801547437435045751e+01,2.541016773628950176e+00
5.869384443995177492e+01,2.500000000000000000e-01,2.800000020334373119e+01,2.807776083699392800e+01,2.358810698799661321e+00,2.550000000000000266e+00,2.807776083699392800e+01,2.358810698799661321e+00,2.801560274158632424e+01,2.540979349701927514e+00
5.894384443995177492e+01,2.500000000000000000e-01,2.800000021467800693e+01,2.807824424200259372e+01,2.358420573403952947e+00,2.549999999999999822e+00,2.807824424200259372e+01,2.358420573403952947e+00,2.801573161217961427e+01,2.540941932050105656e+00
5.919384443995177492e+01,2.500000000000000000e-01,2.800000022655025589e+01,2.807872856066625999e+01,2.358031342625481308e+00,2.550000000000000266e+00,2.807872856066625999e+01,2.358031342625481308e+00,2.801586098586212259e+01,2.540904520659126309e+00
5.944384443995177492e+01,2.500000000000000000e-01,2.800000023898133605e+01,2.807921379063603950e+01,2.357643000789430676e+00,2.549999999999999822e+00,2.807921379063603950e+01,2.357643000789430676e+00,2.801599086236636182e+01,2.540867115514721331e+00
5.969384443995177492e+01,2.500000000000000000e-01,2.800000025199270226e+01,2.807969992957823990e+01,2.357255542280619842e+00,2.550000000000000266e+00,2.807969992957823990e+01,2.357255542280619842e+00,2.801612124142553029e+01,2.540829716602709620e+00
5.994384443995177492e+01,2.500000000000000000e-01,2.800000026560644528e+01,2.808018697517416129e+01,2.356868961542629926e+00,2.550000000000000266e+00,2.808018697517416129e+01,2.356868961542629926e+00,2.801625212277348709e+01,2.540792323909006445e+00
6.000000000000000000e+01,5.615556004822508385e-02,2.800000026874954884e+01,2.808029650091170737e+01,2.356782247076769643e+00,2.550000000000000266e+00,2.808029650091170737e+01,2.356782247076769643e+00,2.801628159069211677e+01,2.540783925532207554e+00
6.000003414685569680e+01,3.414685569680386834e-05,2.800000026875147086e+01,2.808029656753715031e+01,2.356782194361156879e+00,2.550000000000000266e+00,2.808029656753715031e+01,2.356782194361156879e+00,2.801628160861856642e+01,2.540783920425450315e+00
6.000006829371139361e+01,3.414685569680386834e-05,2.800000026875339287e+01,2.808029663416961341e+01,2.356782141645561879e+00,2.550000000000000266e+00,2.808029663416961341e+01,2.356782141645561879e+00,2.801628162654502674e+01,2.540783915318693520e+00
6.000040976226836165e+01,3.414685569680386834e-04,2.800000026877260240e+01,2.808029730074609631e+01,2.356781614491085364e+00,2.550000000000000266e+00,2.808029730074609631e+01,2.356781614491085364e+00,2.801628180581071348e+01,2.540783864251132229e+00
6.000075123082532969e+01,3.414685569680386834e-04,2.800000026879181192e+01,2.808029796751653251e+01,2.356781087338255531e+00,2.550000000000000266e+00,2.808029796751653251e+01,2.356781087338255531e+00,2.801628198507761169e+01,2.540783813183581596e+00
6.000416591639501007e+01,3.414685569680386834e-03,2.800000026898402794e+01,2.808030464305802454e+01,2.356775815951781095e+00,2.550000000000000266e+00,2.808030464305802454e+01,2.356775815951781095e+00,2.801628377785366553e+01,2.540783302509078467e+00
6.000758060196469046e+01,3.414685569680386834e-03,2.800000026917635765e+01,2.808031132476759240e+01,2.356770544725934613e+00,2.550000000000000266e+00,2.808031132476759240e+01,2.356770544725934613e+00,2.801628557075152770e+01,2.540782791835707322e+00
6.001655168793858053e+01,8.971085973890069454e-03,2.800000026968214684e+01,2.808032889789253517e+01,2.356756696822401853e+00,2.549999999999999822e+00,2.808032889789253517e+01,2.356756696822401853e+00,2.801629028159661061e+01,2.540781450195972013e+00
6.002552277391247060e+01,8.971085973890069454e-03,2.800000027018871762e+01,2.808034649551553130e+01,2.356742850004800438e+00,2.549999999999999822e+00,2.808034649551553130e+01,2.356742850004800438e+00,2.801629499326894290e+01,2.540780108563931439e+00
6.003449385988636067e+01,8.971085973890069454e-03,2.800000027069609843e+01,2.808036411294739665e+01,2.356729004301375774e+00,2.549999999999999822e+00,2.808036411294739665e+01,2.356729004301375774e+00,2.801629970579116957e+01,2.540778766939799205e+00
6.005158694856751112e+01,1.709308868115044788e-02,2.800000027166507977e+01,2.808039772683805069e+01,2.356702626442887194e+00,2.549999999999999822e+00,2.808039772683805069e+01,2.356702626442887194e+00,2.801630868717693446e+01,2.540776210693783010e+00
6.006868003724866156e+01,1.709308868115044788e-02,2.800000027263703828e+01,2.808043139135179800e+01,2.356676252673907346e+00,2.549999999999999822e+00,2.808043139135179800e+01,2.356676252673907346e+00,2.801631767168723641e+01,2.540773654476847998e+00
6.008577312592981201e+01,1.709308868115044788e-02,2.800000027361197752e+01,2.808046510034653664e+01,2.356649882988205214e+00,2.549999999999999822e+00,2.808046510034653664e+01,2.356649882988205214e+00,2.801632665931899524e+01,2.540771098288968854e+00
6.010286621461096246e+01,1.709308868115044788e-02,2.800000027458990104e+01,2.808049884986380107e+01,2.356623517376005950e+00,2.549999999999999822e+00,2.808049884986380107e+01,2.356623517376005950e+00,2.801633565006610738e+01,2.540768542130093177e+00
6.013237584197405994e+01,2.950962736309747925e-02,2.800000027628523824e+01,2.808055720195158145e+01,2.356578009177420885e+00,2.549999999999999822e+00,2.808055720195158145e+01,2.356578009177420885e+00,2.801635117908319472e+01,2.540764129227842005e+00
6.016188546933715742e+01,2.950962736309747925e-02,2.800000027798952473e+01,2.808061565304083018e+01,2.356532513096265546e+00,2.549999999999999822e+00,2.808061565304083018e+01,2.356532513096265546e+00,2.801636671737710671e+01,2.540759716411973734e+00
6.019139509670025490e+01,2.950962736309747925e-02,2.800000027970280314e+01,2.808067419449978175e+01,2.356487029123706556e+00,2.549999999999999822e+00,2.808067419449978175e+01,2.356487029123706556e+00,2.801638226494652528e+01,2.540755303682485700e+00
6.022090472406335238e+01,2.950962736309747925e-02,2.800000028142511255e+01,2.808073282020848538e+01,2.356441557250547270e+00,2.549999999999999822e+00,2.808073282020848538e+01,2.356441557250547270e+00,2.801639782178953197e+01,2.540750891039364578e+00
6.027156659724704468e+01,5.066187318369230752e-02,2.800000028440313216e+01,2.808083365153644806e+01,2.356363519718474908e+00,2.549999999999999822e+00,2.808083365153644806e+01,2.356363519718474908e+00,2.801642455126152242e+01,2.540743315653140488e+00
6.032222847043073699e+01,5.066187318369230752e-02,2.800000028740808133e+01,2.808093469691457855e+01,2.356285517766269155e+00,2.549999999999999822e+00,2.808093469691457855e+01,2.356285517766269155e+00,2.801645130804428518e+01,2.540735740521285813e+00
6.037289034361442930e+01,5.066187318369230752e-02,2.800000029044016614e+01,2.808103594118671609e+01,2.356207551344189799e+00,2.549999999999999822e+00,2.808103594118671609e+01,2.356207551344189799e+00,2.801647809212506601e+01,2.540728165643680647e+00
6.042355221679812161e+01,5.066187318369230752e-02,2.800000029349957842e+01,2.808113737288979905e+01,2.356129620403995428e+00,2.549999999999999822e+00,2.808113737288979905e+01,2.356129620403995428e+00,2.801650490349225464e+01,2.540720591020209085e+00
6.049827345969142556e+01,7.472124289330395186e-02,2.800000029806222202e+01,2.808128729780454691e+01,2.356014744648302184e+00,2.549999999999999822e+00,2.808128729780454691e+01,2.356014744648302184e+00,2.801654449738055419e+01,2.540709419664732405e+00
6.057299470258472951e+01,7.472124289330395186e-02,2.800000030268540741e+01,2.808143758554914982e+01,2.355899945824859287e+00,2.549999999999999822e+00,2.808143758554914982e+01,2.355899945824859287e+00,2.801658415056978058e+01,2.540698248861463338e+00
6.064771594547803346e+01,7.472124289330395186e-02,2.800000030736979539e+01,2.808158821626594559e+01,2.355785223785566984e+00,2.549999999999999822e+00,2.808158821626594559e+01,2.355785223785566984e+00,2.801662386302898966e+01,2.540687078610033733e+00
6.072243718837133741e+01,7.472124289330395186e-02,2.800000031211604679e+01,2.808173917399158626e+01,2.355670578383830094e+00,2.549999999999999822e+00,2.808173917399158626e+01,2.355670578383830094e+00,2.801666363472889643e+01,2.540675908910077663e+00
6.083128804707615700e+01,1.088508587048195864e-01,2.800000031914226994e+01,2.808195964058458927e+01,2.355503704478582261e+00,2.549999999999999822e+00,2.808195964058458927e+01,2.355503704478582261e+00,2.801672167846976436e+01,2.540659638332883663e+00
6.094013890578097659e+01,1.088508587048195864e-01,2.800000032630328306e+01,2.808218073832987116e+01,2.355336992454974965e+00,2.549999999999999822e+00,2.808218073832987116e+01,2.355336992454974965e+00,2.801677984778617159e+01,2.540643368924090151e+00
6.104898976448579617e+01,1.088508587048195864e-01,2.800000033360118579e+01,2.808240243879732390e+01,2.355170441870731324e+00,2.549999999999999822e+00,2.808240243879732390e+01,2.355170441870731324e+00,2.801683814259956051e+01,2.540627100682571804e+00
6.115784062319061576e+01,1.088508587048195864e-01,2.800000034103812396e+01,2.808262471774648361e+01,2.355004052286715055e+00,2.549999999999999822e+00,2.808262471774648361e+01,2.355004052286715055e+00,2.801689656283459229e+01,2.540610833607205521e+00
6.126669148189543534e+01,1.088508587048195864e-01,2.800000034861624698e+01,2.808284755443327896e+01,2.354837823266695107e+00,2.549999999999999822e+00,2.808284755443327896e+01,2.354837823266695107e+00,2.801695510841877024e+01,2.540594567696869976e+00
6.144038908097454765e+01,1.736975990791123081e-01,2.800000036100679779e+01,2.808320425494727957e+01,2.354572896540156446e+00,2.549999999999999822e+00,2.808320425494727957e+01,2.354572896540156446e+00,2.801704879134402049e+01,2.540568613953681609e+00
6.161408668005365996e+01,1.736975990791123081e-01,2.800000037377144224e+01,2.808356226912142262e+01,2.354308375819774035e+00,2.549999999999999822e+00,2.808356226912142262e+01,2.354308375819774035e+00,2.801714279300493260e+01,2.540542663169744753e+00
6.178778427913277227e+01,1.736975990791123081e-01,2.800000038691936410e+01,2.808392154564274179e+01,2.354044259372348957e+00,2.549999999999999822e+00,2.808392154564274179e+01,2.354044259372348957e+00,2.801723711313956144e+01,2.540516715340554121e+00
6.196148187821188458e+01,1.736975990791123081e-01,2.800000040045989991e+01,2.808428204035375941e+01,2.353780545478807884e+00,2.549999999999999822e+00,2.808428204035375941e+01,2.353780545478807884e+00,2.801733175149542987e+01,2.540490770461627523e+00
6.213517947729099689e+01,1.736975990791123081e-01,2.800000041440256737e+01,2.808464371491842826e+01,2.353517232433695927e+00,2.549999999999999822e+00,2.808464371491842826e+01,2.353517232433695927e+00,2.801742670782832079e+01,2.540464828528497865e+00
6.237367599077213498e+01,2.384965134811380949e-01,2.800000043421953322e+01,2.808514217564543713e+01,2.353156338855441287e+00,2.549999999999999822e+00,2.808514217564543713e+01,2.353156338855441287e+00,2.801755760578688026e+01,2.540429213595180702e+00
6.261217250425327308e+01,2.384965134811380949e-01,2.800000045483851707e+01,2.808564272302860942e+01,2.352796193459889995e+00,2.549999999999999822e+00,2.808564272302860942e+01,2.352796193459889995e+00,2.801768910218239483e+01,2.540393604195688493e+00
6.285066901773441117e+01,2.384965134811380949e-01,2.800000047628575217e+01,2.808614529243938662e+01,2.352436791949930495e+00,2.549999999999999822e+00,2.808614529243938662e+01,2.352436791949930495e+00,2.801782119644081703e+01,2.540358000318637011e+00
6.308916553121554927e+01,2.384965134811380949e-01,2.800000049858810414e+01,2.808664982701059998e+01,2.352078130071229012e+00,2.549999999999999822e+00,2.808664982701059998e+01,2.352078130071229012e+00,2.801795388800480424e+01,2.540322401952703313e+00
6.332766204469668736e+01,2.384965134811380949e-01,2.800000052177308874e+01,2.808715627631129763e+01,2.351720203611317395e+00,2.549999999999999822e+00,2.808715627631129763e+01,2.351720203611317395e+00,2.801808717633186774e+01,2.540286809086627962e+00
6.365189704546493488e+01,3.242350007682475166e-01,2.800000055475929273e+01,2.808784778270017668e+01,2.351234776128485748e+00,2.549999999999999822e+00,2.808784778270017668e+01,2.351234776128485748e+00,2.801826933742540504e+01,2.540238429536751052e+00
6.397613204623318239e+01,3.242350007682475166e-01,2.800000058950169546e+01,2.808854264535176171e+01,2.350750689801018645e+00,2.549999999999999822e+00,2.808854264535176171e+01,2.350750689801018645e+00,2.801845259920244047e+01,2.540190060103256986e+00
6.430036704700142991e+01,3.242350007682475166e-01,2.800000062607534090e+01,2.808924077642683415e+01,2.350267934401092607e+00,2.549999999999999822e+00,2.808924077642683415e+01,2.350267934401092607e+00,2.801863696040432217e+01,2.540141700758420384e+00
6.462460204776968453e+01,3.242350007682546220e-01,2.800000066455763204e+01,2.808994209748058779e+01,2.349786499832026809e+00,2.549999999999999822e+00,2.808994209748058779e+01,2.349786499832026809e+00,2.801882241980367283e+01,2.540093351474728145e+00
6.494883704853793915e+01,3.242350007682546220e-01,2.800000070502835925e+01,2.809064653794788313e+01,2.349306376125621654e+00,2.549999999999999822e+00,2.809064653794788313e+01,2.349306376125621654e+00,2.801900897620111053e+01,2.540045012224875887e+00
6.537272051776376713e+01,4.238834692258279802e-01,2.800000076107317781e+01,2.809157207619828611e+01,2.348680654767885123e+00,2.549999999999999822e+00,2.809157207619828611e+01,2.348680654767885123e+00,2.801925452031325747e+01,2.539981831764012821e+00
6.579660398698959511e+01,4.238834692258279802e-01,2.800000082084737230e+01,2.809250270913964442e+01,2.348057135351899305e+00,2.549999999999999822e+00,2.809250270913964442e+01,2.348057135351899305e+00,2.801950193476197271e+01,2.539918668345886310e+00
6.622048745621542309e+01,4.238834692258279802e-01,2.800000088454844160e+01,2.809343832209180292e+01,2.347435796556301746e+00,2.550000000000000266e+00,2.809343832209180292e+01,2.347435796556301746e+00,2.801975121704444405e+01,2.539855521911049685e+00
6.664437092544125107e+01,4.238834692258279802e-01,2.800000095238142706e+01,2.809437881119298908e+01,2.346816617402916805e+00,2.549999999999999822e+00,2.809437881119298908e+01,2.346816617402916805e+00,2.802000236471162964e+01,2.539792392400632703e+00
6.706825439466707905e+01,4.238834692258279802e-01,2.800000102455907225e+01,2.809532408178646179e+01,2.346199577248813117e+00,2.549999999999999822e+00,2.809532408178646179e+01,2.346199577248813117e+00,2.802025537536352218e+01,2.539729279756327784e+00
6.760700506086324424e+01,5.387506661961651844e-01,2.800000112291418475e+01,2.809653227384811913e+01,2.345418381882838688e+00,2.549999999999999822e+00,2.809653227384811913e+01,2.345418381882838688e+00,2.802057963373970750e+01,2.539649088613435968e+00
6.814575572705940942e+01,5.387506661961651844e-01,2.800000122911639622e+01,2.809774788814343793e+01,2.344640568119549684e+00,2.549999999999999822e+00,2.809774788814343793e+01,2.344640568119549684e+00,2.802090689305915916e+01,2.539568924505674286e+00
6.868450639325557461e+01,5.387506661961651844e-01,2.800000134365875226e+01,2.809897077724406955e+01,2.343866095805871019e+00,2.549999999999999822e+00,2.809897077724406955e+01,2.343866095805871019e+00,2.802123714868083937e+01,2.539488787317141227e+00
6.922325705945173979e+01,5.387506661961651844e-01,2.800000146705622939e+01,2.810020080595179337e+01,2.343094925577045018e+00,2.549999999999999822e+00,2.810020080595179337e+01,2.343094925577045018e+00,2.802157039605227240e+01,2.539408676933303965e+00
6.976200772564790498e+01,5.387506661961651844e-01,2.800000159984622172e+01,2.810143784962025748e+01,2.342327018835069552e+00,2.549999999999999822e+00,2.810143784962025748e+01,2.342327018835069552e+00,2.802190663070275889e+01,2.539328593240974374e+00
7.043054629225649421e+01,6.685385666085892353e-01,2.800000177852892591e+01,2.810298248432504664e+01,2.341378599956633888e+00,2.549999999999999822e+00,2.810298248432504664e+01,2.341378599956633888e+00,2.802232801291293995e+01,2.539229253904602857e+00
7.109908485886508345e+01,6.685385666085892353e-01,2.800000197365988441e+01,2.810453754021224526e+01,2.340435077330947244e+00,2.549999999999999822e+00,2.810453754021224526e+01,2.340435077330947244e+00,2.802275398006182527e+01,2.539129955285865048e+00
7.176762342547367268e+01,6.685385666085892353e-01,2.800000218641666550e+01,2.810610282994530351e+01,2.339496381847006479e+00,2.550000000000000266e+00,2.810610282994530351e+01,2.339496381847006479e+00,2.802318452405501858e+01,2.539030697176754892e+00
7.243616199208226192e+01,6.685385666085892353e-01,2.800000241803509482e+01,2.810767817983893480e+01,2.338562446001589912e+00,2.549999999999999822e+00,2.810767817983893480e+01,2.338562446001589912e+00,2.802361963693888214e+01,2.538931479372185329e+00
7.310470055869085115e+01,6.685385666085892353e-01,2.800000266981053088e+01,2.810926342814218160e+01,2.337633203847732766e+00,2.549999999999999822e+00,2.810926342814218160e+01,2.337633203847732766e+00,2.802405931089075608e+01,2.538832301669924796e+00
7.393604127868735532e+01,8.313407199965041627e-01,2.800000301306677031e+01,2.811124829582127305e+01,2.336484123467113871e+00,2.549999999999999822e+00,2.811124829582127305e+01,2.336484123467113871e+00,2.802461240477714810e+01,2.538709027906151050e+00
7.476738199868385948e+01,8.313407199965041627e-01,2.800000339233610092e+01,2.811324796580512242e+01,2.335342080819218236e+00,2.549999999999999822e+00,2.811324796580512242e+01,2.335342080819218236e+00,2.802517252517018065e+01,2.538585815468350049e+00
7.559872271868036364e+01,8.313407199965041627e-01,2.800000381051274800e+01,2.811526218614304540e+01,2.334206958480898653e+00,2.550000000000000266e+00,2.811526218614304540e+01,2.334206958480898653e+00,2.802573965776372233e+01,2.538462663985210810e+00
7.643006343867686780e+01,8.313407199965041627e-01,2.800000427064652087e+01,2.811729072156264309e+01,2.333078642253958446e+00,2.550000000000000266e+00,2.811729072156264309e+01,2.333078642253958446e+00,2.802631378848902699e+01,2.538339573091581869e+00
7.726140415867337197e+01,8.313407199965041627e-01,2.800000477594610260e+01,2.811933335149239710e+01,2.331957021043923550e+00,2.550000000000000266e+00,2.811933335149239710e+01,2.331957021043923550e+00,2.802689490349986556e+01,2.538216542428306521e+00
7.809274487866987613e+01,8.313407199965041627e-01,2.800000532978229373e+01,2.812138986831022436e+01,2.330841986742011596e+00,2.550000000000000266e+00,2.812138986831022436e+01,2.330841986742011596e+00,2.802748298915878777e+01,2.538093571642060731e+00
7.931238700709010914e+01,1.219642128420233007e+00,2.800000623757633988e+01,2.812443166350135471e+01,2.329217844754536859e+00,2.550000000000000266e+00,2.812443166350135471e+01,2.329217844754536859e+00,2.802835834371796508e+01,2.537913271474372401e+00
8.053202913551034214e+01,1.219642128420233007e+00,2.800000726930414885e+01,2.812750234745260869e+01,2.327607332363561099e+00,2.549999999999999822e+00,2.812750234745260869e+01,2.327607332363561099e+00,2.802924863072330552e+01,2.537733098357715544e+00
8.175167126393057515e+01,1.219642128420233007e+00,2.800000843758465052e+01,2.813060138079947947e+01,2.326010140104052493e+00,2.549999999999999822e+00,2.813060138079947947e+01,2.326010140104052493e+00,2.803015380924835398e+01,2.537553051240354574e+00
8.297131339235080816e+01,1.219642128420233007e+00,2.800000975584982754e+01,2.813372825998409610e+01,2.324425970025903343e+00,2.549999999999999822e+00,2.813372825998409610e+01,2.324425970025903343e+00,2.803107383911232020e+01,2.537373129094257607e+00
8.419095552077104117e+01,1.219642128420233007e+00,2.800001123835955141e+01,2.813688251284123254e+01,2.322854535104364349e+00,2.549999999999999822e+00,2.813688251284123254e+01,2.322854535104364349e+00,2.803200868083257191e+01,2.537193330914221612e+00
8.541059764919127417e+01,1.219642128420233007e+00,2.800001290021480926e+01,2.814006369477376523e+01,2.321295558685103622e+00,2.549999999999999822e+00,2.814006369477376523e+01,2.321295558685103622e+00,2.803295829558177843e+01,2.537013655717042848e+00
8.689996809922929799e+01,1.489370450038023819e+00,2.800001519612123602e+01,2.814398431762847608e+01,2.319408317215143622e+00,2.549999999999999822e+00,2.814398431762847608e+01,2.319408317215143622e+00,2.803413790047775578e+01,2.536794410080586371e+00
8.838933854926732181e+01,1.489370450038023819e+00,2.800001781411109292e+01,2.814794375117686798e+01,2.317538789774856056e+00,2.549999999999999822e+00,2.814794375117686798e+01,2.317538789774856056e+00,2.803533940980790362e+01,2.536575344694279810e+00
8.987870899930534563e+01,1.489370450038023819e+00,2.800002078692163110e+01,2.815194131721081661e+01,2.315686528964195023e+00,2.549999999999999822e+00,2.815194131721081661e+01,2.315686528964195023e+00,2.803656275638859796e+01,2.536356457891094429e+00
9.136807944934336945e+01,1.489370450038023819e+00,2.800002414924561833e+01,2.815597637588767199e+01,2.313851105864773050e+00,2.549999999999999822e+00,2.815597637588767199e+01,2.313851105864773050e+00,2.803780787418714482e+01,2.536137748045760087e+00
9.285744989938139327e+01,1.489370450038023819e+00,2.800002793774235244e+01,2.816004832159942595e+01,2.312032108989821033e+00,2.549999999999999822e+00,2.816004832159942595e+01,2.312032108989821033e+00,2.803907469825855259e+01,2.535919213573060382e+00
9.434682034941941708e+01,1.489370450038023819e+00,2.800003219104397800e+01,2.816415657942873452e+01,2.310229143304923571e+00,2.549999999999999822e+00,2.816415657942873452e+01,2.310229143304923571e+00,2.804036316468813794e+01,2.535700852926207283e+00
9.612208502298688018e+01,1.775264673567463092e+00,2.800003792456783813e+01,2.816910012162518484e+01,2.308100502782156838e+00,2.549999999999999822e+00,2.816910012162518484e+01,2.308100502782156838e+00,2.804192714578414325e+01,2.535440801533316524e+00
9.789734969655434327e+01,1.775264673567463092e+00,2.800004444868290321e+01,2.817409359844933192e+01,2.305993484793948056e+00,2.549999999999999822e+00,2.817409359844933192e+01,2.305993484793948056e+00,2.804352168125377887e+01,2.535180992470472017e+00
9.967261437012180636e+01,1.775264673567463092e+00,2.800005183977682321e+01,2.817913617564777695e+01,2.303907501626109244e+00,2.549999999999999822e+00,2.817913617564777695e+01,2.303907501626109244e+00,2.804514666802377576e+01,2.534921423314617783e+00
1.014478790436892695e+02,1.775264673567463092e+00,2.800006017817196380e+01,2.818422706046475668e+01,2.301841991651640384e+00,2.549999999999999822e+00,2.818422706046475668e+01,2.301841991651640384e+00,2.804680200471418061e+01,2.534662091707980736e+00
1.032231437172567325e+02,1.775264673567463092e+00,2.800006954808952742e+01,2.818936549780049461e+01,2.299796417740051169e+00,2.549999999999999822e+00,2.818936549780049461e+01,2.299796417740051169e+00,2.804848759155600035e+01,2.534402995355199195e+00
1.049984083908241956e+02,1.775264673567463092e+00,2.800008003760704156e+01,2.819455076686721284e+01,2.297770265782289378e+00,2.549999999999999822e+00,2.819455076686721284e+01,2.297770265782289378e+00,2.805020333031583846e+01,2.534144132020621942e+00
1.070364870991646029e+02,2.038078708340407275e+00,2.800009357957363676e+01,2.820056052847408878e+01,2.295467469412902251e+00,2.549999999999999822e+00,2.820056052847408878e+01,2.295467469412902251e+00,2.805221012359352173e+01,2.533847230496668157e+00
1.090745658075050102e+02,2.038078708340407275e+00,2.800010886353841144e+01,2.820663011052750946e+01,2.293188910754011101e+00,2.550000000000000266e+00,2.820663011052750946e+01,2.293188910754011101e+00,2.805425638549127498e+01,2.533550630014006710e+00
1.111126445158454175e+02,2.038078708340407275e+00,2.800012604103837432e+01,2.821275856264764315e+01,2.290933910831820519e+00,2.549999999999999822e+00,2.821275856264764315e+01,2.290933910831820519e+00,2.805634197418999065e+01,2.533254327455757071e+00
1.131507232241858247e+02,2.038078708340407275e+00,2.800014526989842523e+01,2.821894497659561196e+01,2.288701821707660233e+00,2.549999999999999822e+00,2.821894497659561196e+01,2.288701821707660233e+00,2.805846675009116353e+01,2.532958319791566382e+00
1.151888019325262320e+02,2.038078708340407275e+00,2.800016671410777391e+01,2.822518848290471993e+01,2.286492024529513056e+00,2.550000000000000266e+00,2.822518848290471993e+01,2.286492024529513056e+00,2.806063057572033159e+01,2.532662604073686374e+00
1.172268806408666393e+02,2.038078708340407275e+00,2.800019054369385785e+01,2.823148824788979994e+01,2.284303927730703343e+00,2.549999999999999822e+00,2.823148824788979994e+01,2.284303927730703343e+00,2.806283331563757599e+01,2.532367177433296757e+00
1.195046143672459351e+02,2.277733726379295831e+00,2.800022021453331433e+01,2.823859438147633227e+01,2.281883518435668279e+00,2.549999999999999822e+00,2.823859438147633227e+01,2.281883518435668279e+00,2.806534095593610445e+01,2.532037350591578750e+00
1.200000000000000000e+02,4.953856327540648863e-01,2.800022711592817259e+01,2.824014896365874705e+01,2.281360522628959497e+00,2.549999999999999822e+00,2.824014896365874705e+01,2.281360522628959497e+00,2.806589273900524617e+01,2.531965663327937488e+00
1.200000363448076541e+02,3.634480765413172776e-05,2.800022711644056272e+01,2.824014907781528905e+01,2.281360484302795921e+00,2.549999999999999822e+00,2.824014907781528905e+01,2.281360484302795921e+00,2.806589277957144546e+01,2.531965658069092573e+00
1.200000726896153083e+02,3.634480765413172776e-05,2.800022711695295285e+01,2.824014919196213569e+01,2.281360445976638118e+00,2.549999999999999822e+00,2.824014919196213569e+01,2.281360445976638118e+00,2.806589282013764119e+01,2.531965652810248546e+00
1.200004361376918496e+02,3.634480765413172776e-04,2.800022712207693232e+01,2.824015033308438305e+01,2.281360062715584558e+00,2.549999999999999822e+00,2.824015033308438305e+01,2.281360062715584558e+00,2.806589322580031620e+01,2.531965600221809165e+00
1.200007995857683909e+02,3.634480765413172776e-04,2.800022712720100060e+01,2.824015147394129244e+01,2.281359679455145173e+00,2.549999999999999822e+00,2.824015147394129244e+01,2.281359679455145173e+00,2.806589363146374438e+01,2.531965547633379998e+00
1.200044340665338041e+02,3.634480765413172776e-03,2.800022717844936082e+01,2.824016287197699171e+01,2.281355846905668727e+00,2.549999999999999822e+00,2.824016287197699171e+01,2.281355846905668727e+00,2.806589768816549935e+01,2.531965021749849054e+00
1.200080685472992172e+02,3.634480765413172776e-03,2.800022722970645717e+01,2.824017426184560264e+01,2.281352014419002483e+00,2.549999999999999822e+00,2.824017426184560264e+01,2.281352014419002483e+00,2.806590174494398227e+01,2.531964495867196963e+00
1.200170403703826736e+02,8.971823083456342829e-03,2.800022735627018378e+01,2.824020235592322692e+01,2.281342554057984806e+00,2.549999999999999822e+00,2.824020235592322692e+01,2.281342554057984806e+00,2.806591175952065953e+01,2.531963197713766434e+00
1.200260121934661299e+02,8.971823083456342829e-03,2.800022748288622765e+01,2.824023042203298317e+01,2.281333094074346590e+00,2.549999999999999822e+00,2.824023042203298317e+01,2.281333094074346590e+00,2.806592177455695847e+01,2.531961899565590368e+00
1.200349840165495863e+02,8.971823083456342829e-03,2.800022760955613421e+01,2.824025846582215138e+01,2.281323634479614615e+00,2.549999999999999822e+00,2.824025846582215138e+01,2.281323634479614615e+00,2.806593179006660321e+01,2.531960601422824642e+00
1.200515182108266430e+02,1.653419427705671296e-02,2.800022784313850366e+01,2.824031009902868306e+01,2.281306202395936733e+00,2.549999999999999822e+00,2.824031009902868306e+01,2.281306202395936733e+00,2.806595024892214596e+01,2.531958209086671463e+00
1.200680524051036997e+02,1.653419427705671296e-02,2.800022807690652371e+01,2.824036168075603470e+01,2.281288771653066760e+00,2.549999999999999822e+00,2.824036168075603470e+01,2.281288771653066760e+00,2.806596870940960287e+01,2.531955816769143830e+00
1.200845865993807564e+02,1.653419427705671296e-02,2.800022831086016595e+01,2.824041321819101569e+01,2.281271342250318135e+00,2.549999999999999822e+00,2.824041321819101569e+01,2.281271342250318135e+00,2.806598717152878208e+01,2.531953424470229308e+00
1.201011207936578131e+02,1.653419427705671296e-02,2.800022854499921721e+01,2.824046471598731145e+01,2.281253914185476628e+00,2.549999999999999822e+00,2.824046471598731145e+01,2.281253914185476628e+00,2.806600563527772252e+01,2.531951032189894146e+00
1.201288855172837344e+02,2.776472362592130594e-02,2.800022893858995232e+01,2.824055111307440669e+01,2.281224651456318142e+00,2.549999999999999822e+00,2.824055111307440669e+01,2.281224651456318142e+00,2.806603664383603203e+01,2.531947015041531746e+00
1.201566502409096557e+02,2.776472362592130594e-02,2.800022933270413006e+01,2.824063742216642936e+01,2.281195392498569507e+00,2.549999999999999822e+00,2.824063742216642936e+01,2.281195392498569507e+00,2.806606765699393335e+01,2.531942997945534568e+00
1.201844149645355770e+02,2.776472362592130594e-02,2.800022972734233306e+01,2.824072365274649243e+01,2.281166137312446995e+00,2.549999999999999822e+00,2.824072365274649243e+01,2.281166137312446995e+00,2.806609867475511066e+01,2.531938980901907943e+00
1.202121796881614983e+02,2.776472362592130594e-02,2.800023012250509069e+01,2.824080981163418613e+01,2.281136885897596223e+00,2.549999999999999822e+00,2.824080981163418613e+01,2.281136885897596223e+00,2.806612969712254824e+01,2.531934963910650094e+00
1.202592597187252750e+02,4.708003056377663142e-02,2.800023079377407242e+01,2.824095575998825680e+01,2.281087293533906823e+00,2.549999999999999822e+00,2.824095575998825680e+01,2.281087293533906823e+00,2.806618231160145172e+01,2.531928152506687013e+00
1.203063397492890516e+02,4.708003056377663142e-02,2.800023146655496475e+01,2.824110153937281353e+01,2.281037712006262819e+00,2.549999999999999822e+00,2.824110153937281353e+01,2.281037712006262819e+00,2.806623493934081282e+01,2.531921341253247970e+00
1.203534197798528282e+02,4.708003056377663142e-02,2.800023214085005918e+01,2.824124716627689580e+01,2.280988141309350237e+00,2.549999999999999822e+00,2.824124716627689580e+01,2.280988141309350237e+00,2.806628758034937476e+01,2.531914530150300546e+00
1.204004998104166049e+02,4.708003056377663142e-02,2.800023281666166142e+01,2.824139265326854087e+01,2.280938581437673474e+00,2.549999999999999822e+00,2.824139265326854087e+01,2.280938581437673474e+00,2.806634023463507077e+01,2.531907719197809215e+00
1.204691503749785539e+02,6.865056456194906787e-02,2.800023380483076707e+01,2.824160456723448220e+01,2.280866334239194160e+00,2.549999999999999822e+00,2.824160456723448220e+01,2.280866334239194160e+00,2.806641703720709913e+01,2.531897787958680812e+00
1.205378009395405030e+02,6.865056456194906787e-02,2.800023479623645173e+01,2.824181623175395828e+01,2.280794110028259158e+00,2.549999999999999822e+00,2.824181623175395828e+01,2.280794110028259158e+00,2.806649386804654966e+01,2.531887857039291756e+00
1.206064515041024521e+02,6.865056456194906787e-02,2.800023579088589898e+01,2.824202766808619458e+01,2.280721908786755847e+00,2.549999999999999822e+00,2.824202766808619458e+01,2.280721908786755847e+00,2.806657072717269941e+01,2.531877926439542570e+00
1.206751020686644011e+02,6.865056456194906787e-02,2.800023678878630307e+01,2.824223889339976168e+01,2.280649730496272731e+00,2.549999999999999822e+00,2.824223889339976168e+01,2.280649730496272731e+00,2.806664761460319113e+01,2.531867996159331557e+00
1.207750418345035825e+02,9.993976583918140477e-02,2.800023824733061417e+01,2.824254604243243705e+01,2.280544696143036898e+00,2.549999999999999822e+00,2.824254604243243705e+01,2.280544696143036898e+00,2.806675959601972892e+01,2.531853540478048448e+00
1.208749816003427640e+02,9.993976583918140477e-02,2.800023971280209878e+01,2.824285281190286057e+01,2.280439710332218262e+00,2.549999999999999822e+00,2.824285281190286057e+01,2.280439710332218262e+00,2.806687163750213898e+01,2.531839085473432949e+00
1.209749213661819454e+02,9.993976583918140477e-02,2.800024118522302885e+01,2.824315923247053917e+01,2.280334773005636695e+00,2.549999999999999822e+00,2.824315923247053917e+01,2.280334773005636695e+00,2.806698373909288335e+01,2.531824631145173310e+00
1.210748611320211268e+02,9.993976583918140477e-02,2.800024266461570122e+01,2.824346533028293038e+01,2.280229884104899352e+00,2.549999999999999822e+00,2.824346533028293038e+01,2.280229884104899352e+00,2.806709590083127637e+01,2.531810177492960889e+00
1.211748008978603082e+02,9.993976583918140477e-02,2.800024415100245179e+01,2.824377112772774012e+01,2.280125043571451293e+00,2.549999999999999822e+00,2.824377112772774012e+01,2.280125043571451293e+00,2.806720812275385768e+01,2.531795724516486157e+00
1.213328693702190435e+02,1.580684723587353346e-01,2.800024651626101502e+01,2.824425422166598665e+01,2.279959322465717086e+00,2.549999999999999822e+00,2.824425422166598665e+01,2.279959322465717086e+00,2.806738574009969156e+01,2.531772866527048915e+00
1.214909378425777788e+02,1.580684723587353346e-01,2.800024889916040038e+01,2.824473667661325038e+01,2.279793721975340137e+00,2.549999999999999822e+00,2.824473667661325038e+01,2.279793721975340137e+00,2.806756350820974788e+01,2.531750010226025971e+00
1.216490063149365142e+02,1.580684723587353346e-01,2.800025129978945060e+01,2.824521854646645380e+01,2.279628241867903249e+00,2.549999999999999822e+00,2.824521854646645380e+01,2.279628241867903249e+00,2.806774142719709886e+01,2.531727155612197411e+00
1.218070747872952495e+02,1.580684723587353346e-01,2.800025371823721088e+01,2.824569987754269462e+01,2.279462881911185956e+00,2.549999999999999822e+00,2.824569987754269462e+01,2.279462881911185956e+00,2.806791949716573598e+01,2.531704302684347319e+00
1.219651432596539848e+02,1.580684723587353346e-01,2.800025615459292538e+01,2.824618070998755925e+01,2.279297641873265334e+00,2.549999999999999822e+00,2.824618070998755925e+01,2.279297641873265334e+00,2.806809771821183119e+01,2.531681451441261110e+00
1.221813856502077726e+02,2.162423905537877999e-01,2.800025951676970948e+01,2.824683775859497459e+01,2.279071782386478340e+00,2.549999999999999822e+00,2.824683775859497459e+01,2.279071782386478340e+00,2.806834177479681003e+01,2.531650192985039904e+00
1.223976280407615604e+02,2.162423905537877999e-01,2.800026291285834645e+01,2.824749401637580704e+01,2.278846146303649345e+00,2.550000000000000266e+00,2.824749401637580704e+01,2.278846146303649345e+00,2.806858611450028462e+01,2.531618937676500369e+00
1.226138704313153482e+02,2.162423905537877999e-01,2.800026634308911966e+01,2.824814954970949188e+01,2.278620733035118917e+00,2.549999999999999822e+00,2.824814954970949188e+01,2.278620733035118917e+00,2.806883073751392743e+01,2.531587685512553865e+00
1.228301128218691360e+02,2.162423905537877999e-01,2.800026980769300877e+01,2.824880441675988862e+01,2.278395541993229134e+00,2.549999999999999822e+00,2.824880441675988862e+01,2.278395541993229134e+00,2.806907564401385002e+01,2.531556436490122852e+00
1.230463552124229238e+02,2.162423905537877999e-01,2.800027330690167204e+01,2.824945866887278356e+01,2.278170572592411958e+00,2.549999999999999822e+00,2.824945866887278356e+01,2.278170572592411958e+00,2.806932083416247892e+01,2.531525190606133791e+00
1.233391437225411522e+02,2.927885101182283734e-01,2.800027810033169828e+01,2.825034361573178288e+01,2.277866320033156811e+00,2.549999999999999822e+00,2.825034361573178288e+01,2.277866320033156811e+00,2.806965326973960018e+01,2.531482889207968601e+00
1.236319322326593806e+02,2.927885101182283734e-01,2.800028295820638746e+01,2.825122761769745594e+01,2.277562471290845103e+00,2.549999999999999822e+00,2.825122761769745594e+01,2.277562471290845103e+00,2.806998622593629378e+01,2.531440593550220441e+00
1.239247207427776090e+02,2.927885101182283734e-01,2.800028788110675748e+01,2.825211076150247180e+01,2.277259024931422182e+00,2.550000000000000266e+00,2.825211076150247180e+01,2.277259024931422182e+00,2.807031970306140423e+01,2.531398303625335355e+00
1.242175092528958373e+02,2.927885101182283734e-01,2.800029286961610708e+01,2.825299312401113738e+01,2.276955979528598295e+00,2.549999999999999822e+00,2.825299312401113738e+01,2.276955979528598295e+00,2.807065370139606841e+01,2.531356019425786918e+00
1.245102977630140657e+02,2.927885101182283734e-01,2.800029792432000519e+01,2.825387477380582624e+01,2.276653333663896994e+00,2.550000000000000266e+00,2.825387477380582624e+01,2.276653333663896994e+00,2.807098822119665371e+01,2.531313740944076240e+00
1.248919076054081785e+02,3.816098423941127749e-01,2.800030461277016869e+01,2.825502291517372200e+01,2.276259473505886088e+00,2.549999999999999822e+00,2.825502291517372200e+01,2.276259473505886088e+00,2.807142500521409190e+01,2.531258645286798004e+00
1.252735174478022913e+02,3.816098423941127749e-01,2.800031141597480300e+01,2.825617007091321042e+01,2.275866286566936125e+00,2.549999999999999822e+00,2.825617007091321042e+01,2.275866286566936125e+00,2.807186267593836604e+01,2.531203559313559115e+00
1.256551272901964040e+02,3.816098423941127749e-01,2.800031833524763059e+01,2.825731634812259330e+01,2.275473769766429566e+00,2.549999999999999822e+00,2.825731634812259330e+01,2.275473769766429566e+00,2.807230123378564102e+01,2.531148483007952699e+00
1.260367371325905168e+02,3.816098423941127749e-01,2.800032537190882564e+01,2.825846184263761174e+01,2.275081920046345907e+00,2.549999999999999822e+00,2.825846184263761174e+01,2.275081920046345907e+00,2.807274067912717186e+01,2.531093416353651815e+00
1.264183469749846296e+02,3.816098423941127749e-01,2.800033252728495015e+01,2.825960664071560302e+01,2.274690734371145773e+00,2.549999999999999822e+00,2.825960664071560302e+01,2.274690734371145773e+00,2.807318101229373752e+01,2.531038359334399690e+00
1.269022152000257364e+02,4.838682250411068253e-01,2.800034177283995263e+01,2.826105732570704987e+01,2.274195674398419520e+00,2.549999999999999822e+00,2.826105732570704987e+01,2.274195674398419520e+00,2.807374061670303789e+01,2.530968562745957495e+00
1.273860834250668432e+02,4.838682250411068253e-01,2.800035121413282013e+01,2.826250715865420204e+01,2.273701671101397093e+00,2.549999999999999822e+00,2.826250715865420204e+01,2.273701671101397093e+00,2.807430164949505524e+01,2.530898781589318247e+00
1.278699516501079501e+02,4.838682250411068253e-01,2.800036085391174367e+01,2.826395626706567299e+01,2.273208718445570042e+00,2.549999999999999822e+00,2.826395626706567299e+01,2.273208718445570042e+00,2.807486411111583280e+01,2.530829015831851159e+00
1.283538198751490427e+02,4.838682250410926144e-01,2.800037069494106134e+01,2.826540476589960704e+01,2.272716810452644065e+00,2.549999999999999822e+00,2.826540476589960704e+01,2.272716810452644065e+00,2.807542800194323718e+01,2.530759265441113737e+00
1.288376881001901211e+02,4.838682250410784036e-01,2.800038074000117305e+01,2.826685275931001584e+01,2.272225941199931043e+00,2.550000000000000266e+00,2.826685275931001584e+01,2.272225941199931043e+00,2.807599332229332489e+01,2.530689530384847785e+00
1.294373608230310140e+02,5.996727228408929022e-01,2.800039347646369237e+01,2.826864674195049076e+01,2.271619024494734518e+00,2.549999999999999822e+00,2.826864674195049076e+01,2.271619024494734518e+00,2.807669592517305190e+01,2.530603126822707161e+00
1.300370335458719069e+02,5.996727228408929022e-01,2.800040653595803875e+01,2.827044025638691238e+01,2.271013683170167052e+00,2.550000000000000266e+00,2.827044025638691238e+01,2.271013683170167052e+00,2.807740072449550794e+01,2.530516746703473707e+00
1.306367062687127998e+02,5.996727228408929022e-01,2.800041992387782486e+01,2.827223344935439542e+01,2.270409906298922476e+00,2.549999999999999822e+00,2.827223344935439542e+01,2.270409906298922476e+00,2.807810772053679571e+01,2.530430389966894733e+00
1.312363789915536927e+02,5.996727228408929022e-01,2.800043364565330961e+01,2.827402645387778435e+01,2.269807683078128857e+00,2.549999999999999822e+00,2.827402645387778435e+01,2.269807683078128857e+00,2.807881691347537512e+01,2.530344056553135879e+00
1.318360517143945856e+02,5.996727228408929022e-01,2.800044770675104999e+01,2.827581939105386510e+01,2.269207002827499764e+00,2.549999999999999822e+00,2.827581939105386510e+01,2.269207002827499764e+00,2.807952830340079942e+01,2.530257746402774455e+00
1.325817393484626052e+02,7.456876340680196336e-01,2.800046567321516733e+01,2.827804896415868185e+01,2.268462198686912235e+00,2.549999999999999822e+00,2.827804896415868185e+01,2.268462198686912235e+00,2.808041597490942820e+01,2.530150452868249911e+00
1.333274269825306249e+02,7.456876340680196336e-01,2.800048418353086888e+01,2.828027879652176324e+01,2.267719744027802520e+00,2.550000000000000266e+00,2.828027879652176324e+01,2.267719744027802520e+00,2.808130704341548523e+01,2.530043195101389308e+00
1.340731146165986445e+02,7.456876340680196336e-01,2.800050324843913074e+01,2.828250906263037123e+01,2.266979619081681552e+00,2.550000000000000266e+00,2.828250906263037123e+01,2.266979619081681552e+00,2.808220150861524900e+01,2.529935972990536630e+00
1.348188022506666641e+02,7.456876340680196336e-01,2.800052287876399504e+01,2.828473992074765775e+01,2.266241804353847478e+00,2.550000000000000266e+00,2.828473992074765775e+01,2.266241804353847478e+00,2.808309937005958190e+01,2.529828786424977327e+00
1.355644898847346838e+02,7.456876340680196336e-01,2.800054308541151471e+01,2.828697151495812179e+01,2.265506280618286183e+00,2.550000000000000266e+00,2.828697151495812179e+01,2.265506280618286183e+00,2.808400062716685497e+01,2.529721635294917448e+00
1.363101775188027034e+02,7.456876340680196336e-01,2.800056387936867353e+01,2.828920397697694966e+01,2.264773028912578035e+00,2.550000000000000266e+00,2.828920397697694966e+01,2.264773028912578035e+00,2.808490527923482816e+01,2.529614519491474756e+00
1.374027267954265596e+02,1.092549276623856258e+00,2.800059542951379754e+01,2.829247670062437692e+01,2.263702764372650833e+00,2.550000000000000266e+00,2.829247670062437692e+01,2.263702764372650833e+00,2.808623686563510446e+01,2.529457641620174613e+00
1.384952760720504159e+02,1.092549276623856258e+00,2.800062829931217578e+01,2.829575188843042000e+01,2.262637279216217046e+00,2.550000000000000266e+00,2.829575188843042000e+01,2.262637279216217046e+00,2.808757573523773488e+01,2.529300839016143332e+00
1.395878253486742722e+02,1.092549276623856258e+00,2.800066252423078339e+01,2.829902984671860011e+01,2.261576516732610287e+00,2.549999999999999822e+00,2.829902984671860011e+01,2.261576516732610287e+00,2.808892188468685092e+01,2.529144111347176427e+00
1.406803746252981284e+02,1.092549276623856258e+00,2.800069814008408642e+01,2.830231084947862641e+01,2.260520421318122697e+00,2.549999999999999822e+00,2.830231084947862641e+01,2.260520421318122697e+00,2.809027531025497737e+01,2.528987458285004486e+00
1.417729239019219847e+02,1.092549276623856258e+00,2.800073518302622233e+01,2.830559514282032652e+01,2.259468938446265618e+00,2.549999999999999822e+00,2.830559514282032652e+01,2.259468938446265618e+00,2.809163600788107829e+01,2.528830879505200357e+00
1.428654731785458409e+02,1.092549276623856258e+00,2.800077368954308099e+01,2.830888294881697220e+01,2.258422014638931774e+00,2.550000000000000266e+00,2.830888294881697220e+01,2.258422014638931774e+00,2.809300397320442855e+01,2.528674374687117865e+00
1.442102810395577137e+02,1.344807861011872774e+00,2.800082315075467676e+01,2.831293499455188822e+01,2.257139548774842464e+00,2.550000000000000266e+00,2.831293499455188822e+01,2.257139548774842464e+00,2.809469775949844106e+01,2.528481835568860081e+00
1.455550889005695865e+02,1.344807861011872774e+00,2.800087495450494046e+01,2.831699300309823641e+01,2.255863815122196581e+00,2.549999999999999822e+00,2.831699300309823641e+01,2.255863815122196581e+00,2.809640254083226196e+01,2.528289407445766912e+00
1.468998967615814593e+02,1.344807861011872774e+00,2.800092917079589938e+01,2.832105727533046036e+01,2.254594720120470352e+00,2.549999999999999822e+00,2.832105727533046036e+01,2.254594720120470352e+00,2.809811830756216722e+01,2.528097089742455506e+00
1.482447046225933320e+02,1.344807861011872774e+00,2.800098587030687014e+01,2.832512808038068997e+01,2.253332172346561357e+00,2.549999999999999822e+00,2.832512808038068997e+01,2.253332172346561357e+00,2.809984504959493279e+01,2.527904881891500199e+00
1.495895124836052048e+02,1.344807861011872774e+00,2.800104512437043880e+01,2.832920565977153160e+01,2.252076082447319827e+00,2.549999999999999822e+00,2.832920565977153160e+01,2.252076082447319827e+00,2.810158275643455283e+01,2.527712783333256663e+00
1.509343203446170776e+02,1.344807861011872774e+00,2.800110700494812122e+01,2.833329023092867871e+01,2.250826363074623693e+00,2.549999999999999822e+00,2.833329023092867871e+01,2.250826363074623693e+00,2.810333141722364658e+01,2.527520793515682929e+00
1.525868873030879342e+02,1.652566958470856662e+00,2.800118675080192787e+01,2.833831941805661714e+01,2.249299244057931357e+00,2.549999999999999822e+00,2.833831941805661714e+01,2.249299244057931357e+00,2.810549524329531579e+01,2.527285014968276400e+00
1.542394542615587909e+02,1.652566958470856662e+00,2.800127070834642495e+01,2.834335978384475396e+01,2.247781461545260928e+00,2.549999999999999822e+00,2.834335978384475396e+01,2.247781461545260928e+00,2.810767557235996961e+01,2.527049398809575020e+00
1.558920212200296476e+02,1.652566958470856662e+00,2.800135901467978883e+01,2.834841161660854780e+01,2.246272865067341584e+00,2.549999999999999822e+00,2.834841161660854780e+01,2.246272865067341584e+00,2.810987238247139075e+01,2.526813944060099182e+00
1.575445881785005042e+02,1.652566958470856662e+00,2.800145180807692569e+01,2.835347517204214185e+01,2.244773308135985079e+00,2.549999999999999822e+00,2.835347517204214185e+01,2.244773308135985079e+00,2.811208565115633817e+01,2.526578649756078043e+00
1.591971551369713609e+02,1.652566958470856662e+00,2.800154922791499956e+01,2.835855067727773360e+01,2.243282648098550602e+00,2.549999999999999822e+00,2.835855067727773360e+01,2.243282648098550602e+00,2.811431535547374949e+01,2.526343514949026758e+00
1.608497220954422176e+02,1.652566958470856662e+00,2.800165141459698503e+01,2.836363833435950710e+01,2.241800745998805411e+00,2.549999999999999822e+00,2.836363833435950710e+01,2.241800745998805411e+00,2.811656147206727496e+01,2.526108538705350348e+00
1.628675751715579736e+02,2.017853076115756039e+00,2.800178285845615989e+01,2.836986731349661284e+01,2.240002960678209476e+00,2.550000000000000266e+00,2.836986731349661284e+01,2.240002960678209476e+00,2.811932629431342434e+01,2.525821836600167014e+00
1.648854282476737296e+02,2.017853076115756039e+00,2.800192187926237963e+01,2.837611496528677435e+01,2.238217791728519312e+00,2.549999999999999822e+00,2.837611496528677435e+01,2.238217791728519312e+00,2.812211550707901964e+01,2.525535367889751193e+00
1.669032813237894857e+02,2.017853076115756039e+00,2.800206873776812699e+01,2.838238153963047239e+01,2.236445006904070887e+00,2.549999999999999822e+00,2.838238153963047239e+01,2.236445006904070887e+00,2.812492906588009589e+01,2.525249130959863919e+00
1.689211343999052417e+02,2.017853076115756039e+00,2.800222369617861773e+01,2.838866725298816363e+01,2.234684380966736494e+00,2.549999999999999822e+00,2.838866725298816363e+01,2.234684380966736494e+00,2.812776692568118619e+01,2.524963124225803490e+00
1.709389874760209977e+02,2.017853076115756039e+00,2.800238701790039642e+01,2.839497229248705779e+01,2.232935695394086650e+00,2.549999999999999822e+00,2.839497229248705779e+01,2.232935695394086650e+00,2.813062904096934602e+01,2.524677346131521283e+00
1.729568405521367538e+02,2.017853076115756039e+00,2.800255896727974658e+01,2.840129681947136220e+01,2.231198738102143864e+00,2.549999999999999822e+00,2.840129681947136220e+01,2.231198738102143864e+00,2.813351536581999568e+01,2.524391795148770434e+00
1.753872346656563082e+02,2.430394113519554367e+00,2.800277790056816585e+01,2.840894043358622767e+01,2.229121946190222747e+00,2.549999999999999822e+00,2.840894043358622767e+01,2.229121946190222747e+00,2.813702386105309117e+01,2.524048163923510391e+00
1.778176287791758625e+02,2.430394113519554367e+00,2.800301019812675563e+01,2.841661272145317696e+01,2.227061521572982095e+00,2.549999999999999822e+00,2.841661272145317696e+01,2.227061521572982095e+00,2.814056732824348117e+01,2.523704857417234937e+00
1.800000000000000000e+02,2.182371220824137481e+00,2.800323055954140017e+01,2.842352662032665833e+01,2.225225034113968992e+00,2.550000000000000266e+00,2.842352662032665833e+01,2.225225034113968992e+00,2.814377891614394400e+01,2.523396860133891639e+00
1.800000373405496532e+02,3.734054965320865449e-05,2.800323056340910455e+01,2.842352673881001834e+01,2.225225002800746754e+00,2.550000000000000266e+00,2.842352673881001834e+01,2.225225002800746754e+00,2.814377897133481810e+01,2.523396854866245320e+00
1.800000746810993064e+02,3.734054965320865449e-05,2.800323056727681248e+01,2.842352685728521422e+01,2.225224971487528958e+00,2.550000000000000266e+00,2.842352685728521422e+01,2.225224971487528958e+00,2.814377902652568508e+01,2.523396849598599445e+00
1.800004480865958385e+02,3.734054965320865449e-04,2.800323060595419022e+01,2.842352804174517544e+01,2.225224658355700491e+00,2.550000000000000266e+00,2.842352804174517544e+01,2.225224658355700491e+00,2.814377957843478129e+01,2.523396796922143803e+00
1.800008214920923706e+02,3.734054965320865449e-04,2.800323064463189837e+01,2.842352922598108123e+01,2.225224345224257050e+00,2.550000000000000266e+00,2.842352922598108123e+01,2.225224345224257050e+00,2.814378013034432158e+01,2.523396744245695267e+00
1.800045555470576915e+02,3.734054965320865449e-03,2.800323103143785275e+01,2.842354105940937714e+01,2.225221213942596865e+00,2.550000000000000266e+00,2.842354105940937714e+01,2.225221213942596865e+00,2.814378564947780248e+01,2.523396217481862269e+00
1.800082896020230123e+02,3.734054965320865449e-03,2.800323141827669460e+01,2.842355288588911932e+01,2.225218082697929756e+00,2.550000000000000266e+00,2.842355288588911932e+01,2.225218082697929756e+00,2.814379116865471175e+01,2.523395690718767792e+00
1.800180797089483633e+02,9.790106925350983147e-03,2.800323243265042805e+01,2.842358387219195492e+01,2.225209873224984758e+00,2.550000000000000266e+00,2.842358387219195492e+01,2.225209873224984758e+00,2.814380563926045653e+01,2.523394309631699528e+00
1.800278698158737143e+02,9.790106925350983147e-03,2.800323344724669283e+01,2.842361483173049308e+01,2.225201664000370450e+00,2.550000000000000266e+00,2.842361483173049308e+01,2.225201664000370450e+00,2.814382011016044416e+01,2.523392928549632597e+00
1.800376599227990653e+02,9.790106925350983147e-03,2.800323446207168132e+01,2.842364577000628501e+01,2.225193455030354261e+00,2.550000000000000266e+00,2.842364577000628501e+01,2.225193455030354261e+00,2.814383458136306260e+01,2.523391547472705554e+00
1.800557213996536632e+02,1.806147685459791319e-02,2.800323633489614039e+01,2.842370280050704068e+01,2.225178311217226756e+00,2.550000000000000266e+00,2.842370280050704068e+01,2.225178311217226756e+00,2.814386127965381945e+01,2.523388999578561886e+00
1.800737828765082611e+02,1.806147685459791319e-02,2.800323820850960743e+01,2.842375978165141603e+01,2.225163168279598924e+00,2.550000000000000266e+00,2.842375978165141603e+01,2.225163168279598924e+00,2.814388797899007599e+01,2.523386451702140487e+00
1.800918443533628590e+02,1.806147685459791319e-02,2.800324008291174849e+01,2.842381672008708549e+01,2.225148026216126063e+00,2.550000000000000266e+00,2.842381672008708549e+01,2.225148026216126063e+00,2.814391467937216973e+01,2.523383903843428033e+00
1.801099058302174569e+02,1.806147685459791319e-02,2.800324195810149064e+01,2.842387362012643237e+01,2.225132885024867946e+00,2.550000000000000266e+00,2.842387362012643237e+01,2.225132885024867946e+00,2.814394138079924801e+01,2.523381356002394771e+00
1.801405753650227837e+02,3.066953480532674803e-02,2.800324514409727072e+01,2.842397016119225484e+01,2.225107176317018265e+00,2.550000000000000266e+00,2.842397016119225484e+01,2.225107176317018265e+00,2.814398672391387990e+01,2.523377029646994618e+00
1.801712448998281104e+02,3.066953480532674803e-02,2.800324833236497213e+01,2.842406661431175152e+01,2.225081470120368721e+00,2.550000000000000266e+00,2.842406661431175152e+01,2.225081470120368721e+00,2.814403207004655982e+01,2.523372703342553258e+00
1.802019144346334372e+02,3.066953480532674803e-02,2.800325152290598041e+01,2.842416298854689671e+01,2.225055766433929438e+00,2.550000000000000266e+00,2.842416298854689671e+01,2.225055766433929438e+00,2.814407741920087602e+01,2.523368377089074244e+00
1.802325839694387639e+02,3.066953480532674803e-02,2.800325471572148217e+01,2.842425929038111931e+01,2.225030065256728307e+00,2.550000000000000266e+00,2.842425929038111931e+01,2.225030065256728307e+00,2.814412277137989093e+01,2.523364050886558019e+00
1.802848172474703574e+02,5.223327803159349969e-02,2.800326015864288109e+01,2.842442314921751745e+01,2.224986299360020681e+00,2.550000000000000266e+00,2.842442314921751745e+01,2.224986299360020681e+00,2.814420001763512147e+01,2.523356683049289728e+00
1.803370505255019509e+02,5.223327803159349969e-02,2.800326560816872856e+01,2.842458683371216210e+01,2.224942540732949503e+00,2.550000000000000266e+00,2.842458683371216210e+01,2.224942540732949503e+00,2.814427727268193635e+01,2.523349315359803668e+00
1.803892838035335444e+02,5.223327803159349969e-02,2.800327106430351520e+01,2.842475035966806374e+01,2.224898789370748364e+00,2.550000000000000266e+00,2.842475035966806374e+01,2.224898789370748364e+00,2.814435453653043595e+01,2.523341947818070086e+00
1.804415170815651379e+02,5.223327803159349969e-02,2.800327652705180626e+01,2.842491373909717467e+01,2.224855045269079401e+00,2.550000000000000266e+00,2.842491373909717467e+01,2.224855045269079401e+00,2.814443180918987508e+01,2.523334580424066775e+00
1.805180092425352143e+02,7.649216097007638382e-02,2.800328453882693225e+01,2.842515275256028318e+01,2.224790998035379719e+00,2.550000000000000266e+00,2.842515275256028318e+01,2.224790998035379719e+00,2.814454498577628883e+01,2.523323791632177127e+00
1.805945014035052907e+02,7.649216097007638382e-02,2.800329256480945261e+01,2.842539149812516186e+01,2.224726966351318502e+00,2.550000000000000266e+00,2.842539149812516186e+01,2.224726966351318502e+00,2.814465818130196695e+01,2.523313003156974155e+00
1.806709935644753671e+02,7.649216097007638382e-02,2.800330060501379137e+01,2.842562999629356213e+01,2.224662950205052336e+00,2.550000000000000266e+00,2.842562999629356213e+01,2.224662950205052336e+00,2.814477139579008735e+01,2.523302214998383697e+00
1.807474857254454434e+02,7.649216097007638382e-02,2.800330865945437608e+01,2.842586826359392660e+01,2.224598949585112173e+00,2.550000000000000266e+00,2.842586826359392660e+01,2.224598949585112173e+00,2.814488462926205514e+01,2.523291427156328925e+00
1.808588580124804537e+02,1.113722870350102312e-01,2.800332041217187395e+01,2.842621479568047604e+01,2.224505792670294024e+00,2.550000000000000266e+00,2.842621479568047604e+01,2.224505792670294024e+00,2.814504953073765137e+01,2.523275720666310562e+00
1.809702302995154639e+02,1.113722870350102312e-01,2.800333219514417138e+01,2.842656090341399988e+01,2.224412668612457455e+00,2.550000000000000266e+00,2.842656090341399988e+01,2.224412668612457455e+00,2.814521447255744846e+01,2.523260014846929522e+00
1.810816025865504741e+02,1.113722870350102312e-01,2.800334400841575899e+01,2.842690661626920701e+01,2.224319577378346402e+00,2.550000000000000266e+00,2.842690661626920701e+01,2.224319577378346402e+00,2.814537945477476200e+01,2.523244309697950882e+00
1.811929748735854844e+02,1.113722870350102312e-01,2.800335585203110966e+01,2.842725195937973837e+01,2.224226518935161323e+00,2.550000000000000266e+00,2.842725195937973837e+01,2.224226518935161323e+00,2.814554447743944010e+01,2.523228605219141496e+00
1.813043471606204946e+02,1.113722870350102312e-01,2.800336772603469626e+01,2.842759695425998601e+01,2.224133493250493032e+00,2.550000000000000266e+00,2.842759695425998601e+01,2.224133493250493032e+00,2.814570954059839991e+01,2.523212901410267328e+00
1.814810548856843866e+02,1.767077250638919850e-01,2.800338662827044800e+01,2.842814366731951736e+01,2.223985962121448168e+00,2.550000000000000266e+00,2.842814366731951736e+01,2.223985962121448168e+00,2.814597151961184096e+01,2.523187986493172996e+00
1.816577626107482786e+02,1.767077250638919850e-01,2.800340560729583217e+01,2.842868961262072247e+01,2.223838513251997995e+00,2.550000000000000266e+00,2.842868961262072247e+01,2.223838513251997995e+00,2.814623360084279469e+01,2.523163073261073475e+00
1.818344703358121706e+02,1.767077250638919850e-01,2.800342466328834945e+01,2.842923484244839116e+01,2.223691146516570960e+00,2.550000000000000266e+00,2.842923484244839116e+01,2.223691146516570960e+00,2.814649578444452871e+01,2.523138161713039285e+00
1.820111780608760625e+02,1.767077250638919850e-01,2.800344379642546144e+01,2.842977940175256890e+01,2.223543861790581389e+00,2.550000000000000266e+00,2.842977940175256890e+01,2.223543861790581389e+00,2.814675807056049450e+01,2.523113251848141836e+00
1.821878857859399545e+02,1.767077250638919850e-01,2.800346300688456580e+01,2.843032332951297647e+01,2.223396658950298033e+00,2.550000000000000266e+00,2.843032332951297647e+01,2.223396658950298033e+00,2.814702045932558505e+01,2.523088343665454314e+00
1.824299338196676956e+02,2.420480337277410854e-01,2.800348944651424787e+01,2.843106741913810964e+01,2.223195158348445055e+00,2.550000000000000266e+00,2.843106741913810964e+01,2.223195158348445055e+00,2.814738003706965941e+01,2.523054228040436442e+00
1.826719818533954367e+02,2.420480337277410854e-01,2.800351603200813955e+01,2.843181046265224410e+01,2.222993810840450113e+00,2.550000000000000266e+00,2.843181046265224410e+01,2.222993810840450113e+00,2.814773980795516906e+01,2.523020115567562893e+00
1.829140298871231778e+02,2.420480337277410854e-01,2.800354276382165963e+01,2.843255252492433982e+01,2.222792616114299680e+00,2.550000000000000266e+00,2.843255252492433982e+01,2.222792616114299680e+00,2.814809977226933313e+01,2.522986006244467561e+00
1.831560779208509189e+02,2.420480337277410854e-01,2.800356964241002444e+01,2.843329366287267845e+01,2.222591573859741931e+00,2.550000000000000266e+00,2.843329366287267845e+01,2.222591573859741931e+00,2.814845993028236393e+01,2.522951900068784337e+00
1.833981259545786600e+02,2.420480337277410854e-01,2.800359666822822646e+01,2.843403392681902986e+01,2.222390683768155295e+00,2.550000000000000266e+00,2.843403392681902986e+01,2.222390683768155295e+00,2.814882028224944222e+01,2.522917797038154664e+00
1.837263136418678187e+02,3.281876872891587027e-01,2.800363354790933101e+01,2.843503631814870047e+01,2.222118543720787098e+00,2.549999999999999822e+00,2.843503631814870047e+01,2.222118543720787098e+00,2.814930918588045827e+01,2.522871562496327602e+00
1.840545013291569774e+02,3.281876872891587027e-01,2.800367070022761240e+01,2.843603728266018038e+01,2.221846682085077518e+00,2.550000000000000266e+00,2.843603728266018038e+01,2.221846682085077518e+00,2.814979844708816614e+01,2.522825333726201436e+00
1.843826890164461361e+02,3.281876872891587027e-01,2.800370812631518902e+01,2.843703690623959446e+01,2.221575098104255908e+00,2.550000000000000266e+00,2.843703690623959446e+01,2.221575098104255908e+00,2.815028806640442127e+01,2.522779110721935059e+00
1.847108767037352948e+02,3.281876872891587027e-01,2.800374582730331952e+01,2.843803526519799973e+01,2.221303791025787344e+00,2.550000000000000266e+00,2.843803526519799973e+01,2.221303791025787344e+00,2.815077804433023090e+01,2.522732893477705574e+00
1.850390643910244535e+02,3.281876872891587027e-01,2.800378380432240277e+01,2.843903242781208718e+01,2.221032760101206982e+00,2.550000000000000266e+00,2.843903242781208718e+01,2.221032760101206982e+00,2.815126838133904030e+01,2.522686681987704738e+00
1.854672486231390280e+02,4.281842321145745700e-01,2.800383376955119630e+01,2.844033172154270872e+01,2.220679561860056328e+00,2.550000000000000266e+00,2.844033172154270872e+01,2.220679561860056328e+00,2.815190866128937230e+01,2.522626398814255655e+00
1.858954328552536026e+02,4.281842321145745700e-01,2.800388420907514941e+01,2.844162920460163591e+01,2.220326830784025152e+00,2.550000000000000266e+00,2.844162920460163591e+01,2.220326830784025152e+00,2.815254955417988114e+01,2.522566125413110427e+00
1.863236170873681772e+02,4.281842321145745700e-01,2.800393512539746155e+01,2.844292498506881017e+01,2.219974565240059761e+00,2.550000000000000266e+00,2.844292498506881017e+01,2.219974565240059761e+00,2.815319106089156875e+01,2.522505861771488611e+00
1.867518013194827518e+02,4.281842321145745700e-01,2.800398652101837627e+01,2.844421916006209372e+01,2.219622763605468396e+00,2.550000000000000266e+00,2.844421916006209372e+01,2.219622763605468396e+00,2.815383318225440590e+01,2.522445607876656393e+00
1.871799855515973263e+02,4.281842321145745700e-01,2.800403839843505693e+01,2.844551181737448076e+01,2.219271424267692083e+00,2.550000000000000266e+00,2.844551181737448076e+01,2.219271424267692083e+00,2.815447591905231306e+01,2.522385363715922590e+00
1.877233461537113612e+02,5.433606021140349185e-01,2.800410492778187432e+01,2.844715012341433535e+01,2.218826241942049915e+00,2.550000000000000266e+00,2.844715012341433535e+01,2.218826241942049915e+00,2.815529243143756233e+01,2.522308928599896749e+00
1.882667067558253962e+02,5.433606021140349185e-01,2.800417224208350220e+01,2.844878626050019577e+01,2.218381798234652980e+00,2.549999999999999822e+00,2.844878626050019577e+01,2.218381798234652980e+00,2.815610993749606905e+01,2.522232509112879217e+00
1.888100673579394311e+02,5.433606021140349185e-01,2.800424034641966387e+01,2.845042036081651915e+01,2.217938089917955047e+00,2.550000000000000266e+00,2.845042036081651915e+01,2.217938089917955047e+00,2.815692843856635363e+01,2.522156105229242939e+00
1.893534279600534660e+02,5.433606021140349185e-01,2.800430924586072834e+01,2.845205254426739572e+01,2.217495113788707783e+00,2.550000000000000266e+00,2.845205254426739572e+01,2.217495113788707783e+00,2.815774793590722780e+01,2.522079716923466997e+00
1.898967885621675009e+02,5.433606021140349185e-01,2.800437894546733020e+01,2.845368292017607459e+01,2.217052866667568178e+00,2.550000000000000266e+00,2.845368292017607459e+01,2.217052866667568178e+00,2.815856843070493909e+01,2.522003344170147709e+00
1.905706160789938792e+02,6.738275168263783144e-01,2.800446649972375113e+01,2.845570240636155290e+01,2.216505438956630769e+00,2.550000000000000266e+00,2.845570240636155290e+01,2.216505438956630769e+00,2.815958732255094077e+01,2.521908655034937663e+00
1.912444435958202575e+02,6.738275168263783144e-01,2.800455530191119990e+01,2.845771944012755128e+01,2.215959121548812139e+00,2.550000000000000266e+00,2.845771944012755128e+01,2.215959121548812139e+00,2.816060775208438116e+01,2.521813989730564476e+00
1.919182711126466359e+02,6.738275168263783144e-01,2.800464536161356932e+01,2.845973417928359339e+01,2.215413908529117126e+00,2.550000000000000266e+00,2.845973417928359339e+01,2.215413908529117126e+00,2.816162972117896146e+01,2.521719348209272571e+00
1.925920986294730142e+02,6.738275168263783144e-01,2.800473668838789720e+01,2.846174676810458948e+01,2.214869794035623674e+00,2.550000000000000266e+00,2.846174676810458948e+01,2.214869794035623674e+00,2.816265323158978973e+01,2.521624730423563054e+00
1.932659261462993925e+02,6.738275168263783144e-01,2.800482929176334679e+01,2.846375733906848282e+01,2.214326772258693232e+00,2.550000000000000266e+00,2.846375733906848282e+01,2.214326772258693232e+00,2.816367828496317927e+01,2.521530136326187499e+00
1.941036475037030016e+02,8.377213574036090904e-01,2.800494621332912004e+01,2.846625430685030622e+01,2.213653187316040327e+00,2.550000000000000266e+00,2.846625430685030622e+01,2.213653187316040327e+00,2.816495481406510137e+01,2.521412567239377012e+00
1.949413688611066107e+02,8.377213574036090904e-01,2.800506514090305643e+01,2.846874855892950151e+01,2.212981271442561404e+00,2.550000000000000266e+00,2.846874855892950151e+01,2.212981271442561404e+00,2.816623373314869738e+01,2.521295034603236118e+00
1.957790902185102198e+02,8.377213574036090904e-01,2.800518609260180725e+01,2.847124029193908612e+01,2.212311013802320758e+00,2.550000000000000266e+00,2.847124029193908612e+01,2.212311013802320758e+00,2.816751504478422774e+01,2.521177538328573053e+00
1.966168115759138288e+02,8.377213574036090904e-01,2.800530908646513240e+01,2.847372968631265522e+01,2.211642403676673307e+00,2.550000000000000266e+00,2.847372968631265522e+01,2.211642403676673307e+00,2.816879875135681388e+01,2.521060078326767595e+00
1.974545329333174379e+02,8.377213574036090904e-01,2.800543414045322166e+01,2.847621690827977403e+01,2.210975430462373659e+00,2.550000000000000266e+00,2.847621690827977403e+01,2.210975430462373659e+00,2.817008485508101856e+01,2.520942654509777281e+00
1.982922542907210470e+02,8.377213574036090904e-01,2.800556127244406213e+01,2.847870211163201404e+01,2.210310083669703385e+00,2.550000000000000266e+00,2.847870211163201404e+01,2.210310083669703385e+00,2.817137335801414011e+01,2.520825266790118757e+00
1.995202389517504287e+02,1.227984661029381641e+00,2.800575142323562972e+01,2.848234172650251139e+01,2.209337694292110577e+00,2.550000000000000266e+00,2.848234172650251139e+01,2.209337694292110577e+00,2.817326646673295798e+01,2.520653257544247960e+00
2.007482236127798103e+02,1.227984661029381641e+00,2.800594613306305547e+01,2.848597772171734732e+01,2.208368745154553281e+00,2.550000000000000266e+00,2.848597772171734732e+01,2.208368745154553281e+00,2.817516474034562890e+01,2.520481325404375195e+00
2.019762082738091920e+02,1.227984661029381641e+00,2.800614545721134974e+01,2.848961047195590623e+01,2.207403204490511417e+00,2.549999999999999822e+00,2.848961047195590623e+01,2.207403204490511417e+00,2.817706818379134148e+01,2.520309470101381066e+00
2.032041929348385736e+02,1.227984661029381641e+00,2.800634945053170810e+01,2.849324031866652263e+01,2.206441041018916138e+00,2.550000000000000266e+00,2.849324031866652263e+01,2.206441041018916138e+00,2.817897680149373230e+01,2.520137691368620647e+00
2.044321775958679552e+02,1.227984661029381641e+00,2.800655816742724369e+01,2.849686757445495289e+01,2.205482223933558750e+00,2.549999999999999822e+00,2.849686757445495289e+01,2.205482223933558750e+00,2.818089059740518110e+01,2.519965988941893276e+00
2.056601622568973369e+02,1.227984661029381641e+00,2.800677166183947264e+01,2.850049252687746559e+01,2.204526722892798052e+00,2.550000000000000266e+00,2.850049252687746559e+01,2.204526722892798052e+00,2.818280957504617845e+01,2.519794362559396372e+00
2.071720504779268310e+02,1.511888221029494161e+00,2.800704115609035583e+01,2.850495277652307990e+01,2.203354825533982542e+00,2.550000000000000266e+00,2.850495277652307990e+01,2.203354825533982542e+00,2.818517933195399294e+01,2.519583161129322235e+00
2.086839386989563252e+02,1.511888221029494161e+00,2.800731807208121893e+01,2.850941039150515266e+01,2.202187854640935250e+00,2.550000000000000266e+00,2.850941039150515266e+01,2.202187854640935250e+00,2.818755695331501698e+01,2.519372074097723679e+00
2.101958269199858194e+02,1.511888221029494161e+00,2.800760250743502411e+01,2.851386578848892839e+01,2.201025756356083551e+00,2.549999999999999822e+00,2.851386578848892839e+01,2.201025756356083551e+00,2.818994244342638567e+01,2.519161100990525703e+00
2.117077151410153135e+02,1.511888221029494161e+00,2.800789455859882793e+01,2.851831934990613959e+01,2.199868477792696009e+00,2.550000000000000266e+00,2.851831934990613959e+01,2.199868477792696009e+00,2.819233580587688337e+01,2.518950241338816287e+00
2.132196033620448077e+02,1.511888221029494161e+00,2.800819432081821958e+01,2.852277142810592281e+01,2.198715967010346439e+00,2.549999999999999822e+00,2.852277142810592281e+01,2.198715967010346439e+00,2.819473704360376942e+01,2.518739494678757129e+00
2.147314915830743018e+02,1.511888221029494161e+00,2.800850188811407193e+01,2.852722234889641939e+01,2.197568172991168911e+00,2.550000000000000266e+00,2.852722234889641939e+01,2.197568172991168911e+00,2.819714615894373821e+01,2.518528860551486392e+00
2.165890895730498755e+02,1.857597989975573682e+00,2.800889060682960974e+01,2.853268988007116391e+01,2.196164307430277240e+00,2.549999999999999822e+00,2.853268988007116391e+01,2.196164307430277240e+00,2.820011693293074728e+01,2.518270216032465481e+00
2.184466875630254492e+02,1.857597989975573682e+00,2.800929141758279783e+01,2.853815663591139540e+01,2.194767395578206326e+00,2.550000000000000266e+00,2.853815663591139540e+01,2.194767395578206326e+00,2.820309960392160420e+01,2.518011739876707455e+00
2.203042855530010229e+02,1.857597989975573682e+00,2.800970448690461012e+01,2.854362309109198392e+01,2.193377348224215595e+00,2.550000000000000266e+00,2.854362309109198392e+01,2.193377348224215595e+00,2.820609417308194011e+01,2.517753431262833796e+00
2.221618835429765966e+02,1.857597989975573682e+00,2.801012997835338680e+01,2.854908968261303315e+01,2.191994078040085281e+00,2.550000000000000266e+00,2.854908968261303315e+01,2.191994078040085281e+00,2.820910064058463718e+01,2.517495289379959367e+00
2.240194815329521703e+02,1.857597989975573682e+00,2.801056805247504400e+01,2.855455681401151935e+01,2.190617499524848633e+00,2.549999999999999822e+00,2.855455681401151935e+01,2.190617499524848633e+00,2.821211900568710007e+01,2.517237313427472145e+00
2.258770795229277439e+02,1.857597989975573682e+00,2.801101886676511654e+01,2.856002485898951448e+01,2.189247528951519861e+00,2.550000000000000266e+00,2.856002485898951448e+01,2.189247528951519861e+00,2.821514926680089630e+01,2.516979502614818287e+00
2.281427619121632802e+02,2.265682389235536220e+00,2.801158618758658747e+01,2.856669588413880234e+01,2.187585423761886805e+00,2.549999999999999822e+00,2.856669588413880234e+01,2.187585423761886805e+00,2.821886132714522688e+01,2.516665277322640559e+00
2.304084443013988164e+02,2.265682389235536220e+00,2.801217296442880311e+01,2.857336936427720531e+01,2.185932881414679674e+00,2.550000000000000266e+00,2.857336936427720531e+01,2.185932881414679674e+00,2.822259107500399011e+01,2.516351295139286126e+00
2.326741266906343526e+02,2.265682389235536220e+00,2.801277946414384701e+01,2.858004583335488391e+01,2.184289760053587326e+00,2.549999999999999822e+00,2.858004583335488391e+01,2.184289760053587326e+00,2.822633850313690829e+01,2.516037554688434597e+00
2.349398090798698888e+02,2.265682389235536220e+00,2.801340594646796944e+01,2.858672578300892653e+01,2.182655921276573263e+00,2.550000000000000266e+00,2.858672578300892653e+01,2.182655921276573263e+00,2.823010360294159682e+01,2.515724054614081773e+00
2.372054914691054250e+02,2.265682389235536220e+00,2.801405266391483195e+01,2.859340966703004483e+01,2.181031230019284006e+00,2.549999999999999822e+00,2.859340966703004483e+01,2.181031230019284006e+00,2.823388636455990763e+01,2.515410793580053816e+00
2.394711738583409613e+02,2.265682389235536220e+00,2.801471986166613704e+01,2.860009790526121165e+01,2.179415554443234981e+00,2.550000000000000266e+00,2.860009790526121165e+01,2.179415554443234981e+00,2.823768677697391638e+01,2.515097770269520527e+00
2.400000000000000000e+02,5.288261416590387398e-01,2.801487856392080644e+01,2.860165965599786375e+01,2.179039728332198944e+00,2.549999999999999822e+00,2.860165965599786375e+01,2.179039728332198944e+00,2.823857635928743548e+01,2.515024742515132417e+00
2.400000379921232820e+02,3.799212328203793732e-05,2.801487857536297099e+01,2.860165976825159362e+01,2.179039701349312352e+00,2.549999999999999822e+00,2.860165976825159362e+01,2.179039701349312352e+00,2.823857642323166317e+01,2.515024737269107913e+00
2.400000759842465641e+02,3.799212328203793732e-05,2.801487858680514620e+01,2.860165988053210384e+01,2.179039674366426205e+00,2.549999999999999822e+00,2.860165988053210384e+01,2.179039674366426205e+00,2.823857648717590862e+01,2.515024732023082965e+00
2.400004559054793845e+02,3.799212328203793732e-04,2.801487870122737789e+01,2.860166100429638902e+01,2.179039404537692626e+00,2.549999999999999822e+00,2.860166100429638902e+01,2.179039404537692626e+00,2.823857712661989083e+01,2.515024679562843257e+00
2.400008358267122048e+02,3.799212328203793732e-04,2.801487881565018156e+01,2.860166212879748215e+01,2.179039134709139791e+00,2.549999999999999822e+00,2.860166212879748215e+01,2.179039134709139791e+00,2.823857776606557834e+01,2.515024627102609767e+00
2.400034714657412565e+02,2.635639029051617399e-03,2.801487960946328926e+01,2.860166994577210886e+01,2.179037262828446231e+00,2.549999999999999822e+00,2.860166994577210886e+01,2.179037262828446231e+00,2.823858220218420101e+01,2.515024263168927021e+00
2.400061071047703081e+02,2.635639029051617399e-03,2.801488040330391982e+01,2.860167777553640533e+01,2.179035390958440122e+00,2.549999999999999822e+00,2.860167777553640533e+01,2.179035390958440122e+00,2.823858663838508676e+01,2.515023899235555582e+00
2.400120950794504324e+02,5.987974680124352744e-03,2.801488220694274389e+01,2.860169559536913653e+01,2.179031138246638744e+00,2.549999999999999822e+00,2.860169559536913653e+01,2.179031138246638744e+00,2.823859671737724497e+01,2.515023072407212457e+00
2.400180830541305568e+02,5.987974680124352744e-03,2.801488401072046130e+01,2.860171345439076873e+01,2.179026885590849449e+00,2.549999999999999822e+00,2.860171345439076873e+01,2.179026885590849449e+00,2.823860679678407948e+01,2.515022245580444071e+00
2.400240710288106811e+02,5.987974680124352744e-03,2.801488581464149163e+01,2.860173134565581066e+01,2.179022632993517394e+00,2.549999999999999822e+00,2.860173134565581066e+01,2.179022632993517394e+00,2.823861687661851860e+01,2.515021418755299720e+00
2.400349610783000003e+02,1.089004948931915351e-02,2.801488909571829566e+01,2.860176395374266889e+01,2.179014899145640616e+00,2.549999999999999822e+00,2.860176395374266889e+01,2.179014899145640616e+00,2.823863520944533789e+01,2.515019915051274424e+00
2.400458511277893194e+02,1.089004948931915351e-02,2.801489237727630055e+01,2.860179663713552856e+01,2.179007165496702036e+00,2.549999999999999822e+00,2.860179663713552856e+01,2.179007165496702036e+00,2.823865354370609992e+01,2.515018411352704764e+00
2.400567411772786386e+02,1.089004948931915351e-02,2.801489565931516168e+01,2.860182938609316494e+01,2.178999432047327378e+00,2.549999999999999822e+00,2.860182938609316494e+01,2.178999432047327378e+00,2.823867187939878676e+01,2.515016907659584522e+00
2.400676312267679577e+02,1.089004948931915351e-02,2.801489894183404417e+01,2.860186219429458987e+01,2.178991698797649867e+00,2.549999999999999822e+00,2.860186219429458987e+01,2.178991698797649867e+00,2.823869021652004108e+01,2.515015403971904373e+00
2.400852646311505225e+02,1.763340438256477682e-02,2.801490425797763351e+01,2.860191543172792450e+01,2.178979177376338949e+00,2.549999999999999822e+00,2.860191543172792450e+01,2.178979177376338949e+00,2.823871991141160720e+01,2.515012969179726721e+00
2.401028980355330873e+02,1.763340438256477682e-02,2.801490957537963666e+01,2.860196879529487646e+01,2.178966656480755937e+00,2.549999999999999822e+00,2.860196879529487646e+01,2.178966656480755937e+00,2.823874961004308304e+01,2.515010534401806108e+00
2.401205314399156521e+02,1.763340438256477682e-02,2.801491489404045510e+01,2.860202227330690405e+01,2.178954136111917350e+00,2.549999999999999822e+00,2.860202227330690405e+01,2.178954136111917350e+00,2.823877931241284145e+01,2.515008099638148309e+00
2.401381648442982168e+02,1.763340438256477682e-02,2.801492021396034460e+01,2.860207585722221779e+01,2.178941616270523518e+00,2.549999999999999822e+00,2.860207585722221779e+01,2.178941616270523518e+00,2.823880901851907055e+01,2.515005664888752879e+00
2.401676744469569087e+02,2.950960265869184695e-02,2.801492911969343780e+01,2.860216574933741285e+01,2.178920665425834624e+00,2.549999999999999822e+00,2.860216574933741285e+01,2.178920665425834624e+00,2.823885874020987430e+01,2.515001590353677319e+00
2.401971840496156005e+02,2.950960265869184695e-02,2.801493802895344842e+01,2.860225589270135416e+01,2.178899716061533098e+00,2.549999999999999822e+00,2.860225589270135416e+01,2.178899716061533098e+00,2.823890847234986268e+01,2.514997515858540922e+00
2.402266936522742924e+02,2.950960265869184695e-02,2.801494694174083833e+01,2.860234626710733608e+01,2.178878768178964087e+00,2.549999999999999822e+00,2.860234626710733608e+01,2.178878768178964087e+00,2.823895821493050207e+01,2.514993441403339691e+00
2.402562032549329842e+02,2.950960265869184695e-02,2.801495585805609778e+01,2.860243685700963923e+01,2.178857821779106807e+00,2.549999999999999822e+00,2.860243685700963923e+01,2.178857821779106807e+00,2.823900796794402268e+01,2.514989366988070962e+00
2.402987928383635392e+02,4.258958343055496698e-02,2.801496873270361831e+01,2.860256795445781108e+01,2.178827593610134894e+00,2.549999999999999822e+00,2.860256795445781108e+01,2.178827593610134894e+00,2.823907979210651220e+01,2.514983486679428282e+00
2.403413824217940942e+02,4.258958343055496698e-02,2.801498161470216886e+01,2.860269944290633859e+01,2.178797368532895185e+00,2.549999999999999822e+00,2.860269944290633859e+01,2.178797368532895185e+00,2.823915163796510797e+01,2.514977606453949299e+00
2.403839720052246491e+02,4.258958343055496698e-02,2.801499450405329128e+01,2.860283129682963477e+01,2.178767146548635569e+00,2.549999999999999822e+00,2.860283129682963477e+01,2.178767146548635569e+00,2.823922350550102678e+01,2.514971726311625133e+00
2.404265615886552041e+02,4.258958343055496698e-02,2.801500740075851681e+01,2.860296349472145039e+01,2.178736927658268208e+00,2.549999999999999822e+00,2.860296349472145039e+01,2.178736927658268208e+00,2.823929539469656191e+01,2.514965846252448678e+00
2.404691511720857591e+02,4.258958343055496698e-02,2.801502030481937311e+01,2.860309601847546546e+01,2.178706711862429923e+00,2.549999999999999822e+00,2.860309601847546546e+01,2.178706711862429923e+00,2.823936730553493746e+01,2.514959966276410608e+00
2.405413854297326282e+02,7.223425764686908224e-02,2.801504220763246167e+01,2.860332148822175213e+01,2.178655471300028346e+00,2.549999999999999822e+00,2.860332148822175213e+01,2.178655471300028346e+00,2.823948931967922249e+01,2.514949993706231623e+00
2.406136196873794972e+02,7.223425764686908224e-02,2.801506413161665066e+01,2.860354778907795392e+01,2.178604239641530604e+00,2.549999999999999822e+00,2.860354778907795392e+01,2.178604239641530604e+00,2.823961139596299574e+01,2.514940021375142276e+00
2.406858539450263663e+02,7.223425764686908224e-02,2.801508607677939722e+01,2.860377486996741681e+01,2.178553016887028182e+00,2.549999999999999822e+00,2.860377486996741681e+01,2.178553016887028182e+00,2.823973353431822986e+01,2.514930049283103042e+00
2.407580882026732354e+02,7.223425764686908224e-02,2.801510804312816205e+01,2.860400268754538899e+01,2.178501803035981510e+00,2.549999999999999822e+00,2.860400268754538899e+01,2.178501803035981510e+00,2.823985573468076637e+01,2.514920077430071732e+00
2.408303224603201045e+02,7.223425764686908224e-02,2.801513003067038809e+01,2.860423120474162673e+01,2.178450598087343870e+00,2.549999999999999822e+00,2.860423120474162673e+01,2.178450598087343870e+00,2.823997799698975086e+01,2.514910105816007935e+00
2.409314619180197496e+02,1.011394576996451633e-01,2.801516085235469333e+01,2.860455228058287602e+01,2.178378917965240635e+00,2.549999999999999822e+00,2.860455228058287602e+01,2.178378917965240635e+00,2.824014928766077404e+01,2.514896144370667663e+00
2.410326013757193948e+02,1.011394576996451633e-01,2.801519171562260269e+01,2.860487459142643729e+01,2.178307255287842636e+00,2.549999999999999822e+00,2.860487459142643729e+01,2.178307255287842636e+00,2.824032069951052293e+01,2.514882183393615911e+00
2.411337408334190400e+02,1.011394576996451633e-01,2.801522262049448742e+01,2.860519807405937343e+01,2.178235610049165771e+00,2.549999999999999822e+00,2.860519807405937343e+01,2.178235610049165771e+00,2.824049223239651596e+01,2.514868222884739435e+00
2.412348802911186851e+02,1.011394576996451633e-01,2.801525356699067970e+01,2.860552267352969480e+01,2.178163982242567354e+00,2.549999999999999822e+00,2.860552267352969480e+01,2.178163982242567354e+00,2.824066388618312828e+01,2.514854262843924548e+00
2.413360197488183303e+02,1.011394576996451633e-01,2.801528455513148330e+01,2.860584834170102653e+01,2.178092371860859355e+00,2.549999999999999822e+00,2.860584834170102653e+01,2.178092371860859355e+00,2.824083566074076757e+01,2.514840303271059785e+00
2.414771156875073075e+02,1.410959386889771849e-01,2.801532785515848900e+01,2.860630437525643899e+01,2.177992499946431959e+00,2.549999999999999822e+00,2.860630437525643899e+01,2.177992499946431959e+00,2.824107549864005762e+01,2.514820829565787008e+00
2.416182116261962847e+02,1.410959386889771849e-01,2.801537123632869708e+01,2.860676230644507001e+01,2.177892661907510963e+00,2.549999999999999822e+00,2.860676230644507001e+01,2.177892661907510963e+00,2.824131557102096934e+01,2.514801356770713259e+00
2.417593075648852619e+02,1.410959386889771849e-01,2.801541469869693302e+01,2.860722204854588568e+01,2.177792857721111641e+00,2.549999999999999822e+00,2.860722204854588568e+01,2.177792857721111641e+00,2.824155587757705632e+01,2.514781884885531671e+00
2.419004035035742390e+02,1.410959386889771849e-01,2.801545824231791570e+01,2.860768352515891877e+01,2.177693087363453017e+00,2.549999999999999822e+00,2.860768352515891877e+01,2.177693087363453017e+00,2.824179641801519480e+01,2.514762413909936711e+00
2.420414994422632162e+02,1.410959386889771849e-01,2.801550186724624680e+01,2.860814666846377818e+01,2.177593350810098194e+00,2.549999999999999822e+00,2.860814666846377818e+01,2.177593350810098194e+00,2.824203719205404894e+01,2.514742943843625067e+00
2.422294943361575292e+02,1.879948938943130088e-01,2.801556011911966593e+01,2.860876624215108066e+01,2.177460515252835016e+00,2.549999999999999822e+00,2.860876624215108066e+01,2.177460515252835016e+00,2.824235835961469832e+01,2.514717003523804006e+00
2.424174892300518422e+02,1.879948938943130088e-01,2.801561851556041205e+01,2.860938854109416241e+01,2.177327739602427314e+00,2.550000000000000266e+00,2.860938854109416241e+01,2.177327739602427314e+00,2.824267994078440580e+01,2.514691064816936272e+00
2.426054841239461553e+02,1.879948938943130088e-01,2.801567705669667063e+01,2.861001345388791606e+01,2.177195023797442452e+00,2.549999999999999822e+00,2.861001345388791606e+01,2.177195023797442452e+00,2.824300193497522216e+01,2.514665127722300220e+00
2.427934790178404683e+02,1.879948938943130088e-01,2.801573574265628253e+01,2.861064088115007564e+01,2.177062367775603580e+00,2.550000000000000266e+00,2.861064088115007564e+01,2.177062367775603580e+00,2.824332434162209893e+01,2.514639192239176868e+00
2.429814739117347813e+02,1.879948938943130088e-01,2.801579457356670488e+01,2.861127073363389783e+01,2.176929771473944619e+00,2.549999999999999822e+00,2.861127073363389783e+01,2.176929771473944619e+00,2.824364716018066090e+01,2.514613258366848125e+00
2.432242355630068857e+02,2.427616512721044728e-01,2.801587075777310076e+01,2.861208753287543516e+01,2.176758635405544595e+00,2.549999999999999822e+00,2.861208753287543516e+01,2.176758635405544595e+00,2.824406463092403641e+01,2.514579771808987729e+00
2.434669972142789902e+02,2.427616512721044728e-01,2.801594718417090135e+01,2.861290808702189636e+01,2.176587598677116375e+00,2.549999999999999822e+00,2.861290808702189636e+01,2.176587598677116375e+00,2.824448278656797484e+01,2.514546287934397828e+00
2.437097588655510947e+02,2.427616512721044728e-01,2.801602385303187859e+01,2.861373225747197324e+01,2.176416661149715104e+00,2.549999999999999822e+00,2.861373225747197324e+01,2.176416661149715104e+00,2.824490162606400290e+01,2.514512806741536544e+00
2.439525205168231992e+02,2.427616512721044728e-01,2.801610076462677057e+01,2.861455991927032372e+01,2.176245822683656517e+00,2.549999999999999822e+00,2.861455991927032372e+01,2.176245822683656517e+00,2.824532114840081576e+01,2.514479328228862887e+00
2.441952821680953036e+02,2.427616512721044728e-01,2.801617791922530998e+01,2.861539095912077357e+01,2.176075083138681254e+00,2.549999999999999822e+00,2.861539095912077357e+01,2.176075083138681254e+00,2.824574135260080965e+01,2.514445852394839864e+00
2.445007616715199390e+02,3.054795034246353680e-01,2.801627535253349777e+01,2.861644134072284729e+01,2.175860373105123369e+00,2.549999999999999822e+00,2.861644134072284729e+01,2.175860373105123369e+00,2.824627108461353586e+01,2.514403731830482602e+00
2.448062411749445744e+02,3.054795034246353680e-01,2.801637317158398588e+01,2.861749672225884211e+01,2.175645819204075071e+00,2.549999999999999822e+00,2.861749672225884211e+01,2.175645819204075071e+00,2.824680189300066502e+01,2.514361615502143099e+00
2.451117206783692097e+02,3.054795034246353680e-01,2.801647137690731526e+01,2.861855693580130833e+01,2.175431421153854128e+00,2.549999999999999822e+00,2.861855693580130833e+01,2.175431421153854128e+00,2.824733377600215434e+01,2.514319503406772238e+00
2.454172001817938451e+02,3.054795034246353680e-01,2.801656996903144403e+01,2.861962182859470971e+01,2.175217178672460783e+00,2.549999999999999822e+00,2.861962182859470971e+01,2.175217178672460783e+00,2.824786673191497144e+01,2.514277395541324900e+00
2.457226796852184805e+02,3.054795034246353680e-01,2.801666894848175815e+01,2.862069126100365324e+01,2.175003091477746509e+00,2.549999999999999822e+00,2.862069126100365324e+01,2.175003091477746509e+00,2.824840075908818804e+01,2.514235291902761738e+00
2.461009365155877617e+02,3.782568303692812606e-01,2.801679204627528463e+01,2.862202157471632802e+01,2.174738214991475793e+00,2.549999999999999822e+00,2.862202157471632802e+01,2.174738214991475793e+00,2.824906349479639545e+01,2.514183163361323636e+00
2.464791933459570430e+02,3.782568303692812606e-01,2.801691573972028237e+01,2.862335843073791253e+01,2.174473575628422584e+00,2.550000000000000266e+00,2.862335843073791253e+01,2.174473575628422584e+00,2.824972786759640897e+01,2.514131041290306623e+00
2.468574501763263243e+02,3.782568303692812606e-01,2.801704002979773023e+01,2.862470162656961037e+01,2.174209172853611705e+00,2.550000000000000266e+00,2.862470162656961037e+01,2.174209172853611705e+00,2.825039387463170826e+01,2.514078925683976617e+00
2.472357070066956055e+02,3.782568303692812606e-01,2.801716491748251414e+01,2.862605097690721223e+01,2.173945006132783409e+00,2.550000000000000266e+00,2.862605097690721223e+01,2.173945006132783409e+00,2.825106151313174507e+01,2.514026816536613307e+00
2.476139638370648868e+02,3.782568303692812606e-01,2.801729040374340940e+01,2.862740631143280012e+01,2.173681074932559465e+00,2.550000000000000266e+00,2.862740631143280012e+01,2.173681074932559465e+00,2.825173078040500130e+01,2.513974713842508368e+00
2.479922206674341680e+02,3.782568303692812606e-01,2.801741648954307706e+01,2.862876747286773949e+01,2.173417378720594151e+00,2.550000000000000266e+00,2.862876747286773949e+01,2.173417378720594151e+00,2.825240167383265089e+01,2.513922617595966358e+00
2.485553431524321866e+02,5.631224849980185354e-01,2.801760531003959898e+01,2.863080435850054073e+01,2.173025240301228234e+00,2.550000000000000266e+00,2.863080435850054073e+01,2.173025240301228234e+00,2.825340346035975259e+01,2.513845072256174262e+00
2.491184656374302051e+02,5.631224849980185354e-01,2.801779546455450998e+01,2.863285339651891448e+01,2.172633619766198176e+00,2.549999999999999822e+00,2.863285339651891448e+01,2.172633619766198176e+00,2.825440883715439000e+01,2.513767541174949383e+00
2.496815881224282236e+02,5.631224849980185354e-01,2.801798695618849422e+01,2.863491418779125297e+01,2.172242515374713800e+00,2.550000000000000266e+00,2.863491418779125297e+01,2.172242515374713800e+00,2.825541779632537143e+01,2.513690024333657735e+00
2.502447106074262422e+02,5.631224849980185354e-01,2.801817978801196674e+01,2.863698636919509610e+01,2.171851925393061489e+00,2.549999999999999822e+00,2.863698636919509610e+01,2.171851925393061489e+00,2.825643033023316164e+01,2.513612521713730619e+00
2.508078330924242607e+02,5.631224849980185354e-01,2.801837396306501660e+01,2.863906960862313156e+01,2.171461848094932812e+00,2.550000000000000266e+00,2.863906960862313156e+01,2.171461848094932812e+00,2.825744643146796875e+01,2.513535033296658394e+00
2.513709555774222792e+02,5.631224849980185354e-01,2.801856948435736072e+01,2.864116360067777478e+01,2.171072281761699863e+00,2.550000000000000266e+00,2.864116360067777478e+01,2.171072281761699863e+00,2.825846609283039257e+01,2.513457559063995816e+00
2.520730307006285216e+02,7.020751232062423242e-01,2.801881514130178985e+01,2.864378892758811546e+01,2.170587301490013665e+00,2.550000000000000266e+00,2.864378892758811546e+01,2.170587301490013665e+00,2.825974233517646894e+01,2.513360987605019581e+00
2.527751058238347639e+02,7.020751232062423242e-01,2.801906290117014464e+01,2.864643002852168863e+01,2.170103109503255467e+00,2.549999999999999822e+00,2.864643002852168863e+01,2.170103109503255467e+00,2.826102408730104187e+01,2.513264438130154765e+00
2.534771809470410062e+02,7.020751232062423242e-01,2.801931276959597028e+01,2.864908644341869248e+01,2.169619702523335025e+00,2.550000000000000266e+00,2.864908644341869248e+01,2.169619702523335025e+00,2.826231133640952464e+01,2.513167910604054978e+00
2.541792560702472485e+02,7.020751232062423242e-01,2.801956475213891906e+01,2.865175774951349297e+01,2.169137077292110138e+00,2.550000000000000266e+00,2.865175774951349297e+01,2.169137077292110138e+00,2.826360407007080155e+01,2.513071404991520819e+00
2.548813311934534909e+02,7.020751232062423242e-01,2.801981885428465446e+01,2.865444355655520781e+01,2.168655230571555403e+00,2.550000000000000266e+00,2.865444355655520781e+01,2.168655230571555403e+00,2.826490227618850426e+01,2.512974921257499439e+00
2.555834063166597332e+02,7.020751232062423242e-01,2.802007508144476589e+01,2.865714350275832345e+01,2.168174159143872792e+00,2.550000000000000266e+00,2.865714350275832345e+01,2.168174159143872792e+00,2.826620594297557787e+01,2.512878459367081430e+00
2.564543001318089068e+02,8.708938151491736335e-01,2.802039588106489987e+01,2.866051181388011670e+01,2.167578483396711331e+00,2.550000000000000266e+00,2.866051181388011670e+01,2.167578483396711331e+00,2.826783065610356260e+01,2.512758832867021841e+00
2.573251939469580520e+02,8.708938151491452118e-01,2.802071996875148585e+01,2.866390077007394055e+01,2.166983989639631680e+00,2.550000000000000266e+00,2.866390077007394055e+01,2.166983989639631680e+00,2.826946373268379986e+01,2.512639239858902140e+00
2.581960877621071972e+02,8.708938151491452118e-01,2.802104735435787219e+01,2.866730982276031625e+01,2.166390671860752626e+00,2.550000000000000266e+00,2.866730982276031625e+01,2.166390671860752626e+00,2.827110515191640872e+01,2.512519680277009559e+00
2.590669815772563425e+02,8.708938151491452118e-01,2.802137804756162254e+01,2.867073846428425199e+01,2.165798524095992050e+00,2.549999999999999822e+00,2.867073846428425199e+01,2.165798524095992050e+00,2.827275489354079596e+01,2.512400154055964396e+00
2.599378753924054877e+02,8.708938151491452118e-01,2.802171205786453001e+01,2.867418622310236387e+01,2.165207540428858213e+00,2.550000000000000266e+00,2.867418622310236387e+01,2.165207540428858213e+00,2.827441293779640219e+01,2.512280661130719572e+00
2.608087692075546329e+02,8.708938151491452118e-01,2.802204939459273092e+01,2.867765265967045707e+01,2.164617714990193509e+00,2.550000000000000266e+00,2.867765265967045707e+01,2.164617714990193509e+00,2.827607926538752636e+01,2.512161201436554414e+00
2.618809364642971218e+02,1.072167256742488917e+00,2.802246927561000689e+01,2.868194527501530899e+01,2.163893156272699958e+00,2.550000000000000266e+00,2.868194527501530899e+01,2.163893156272699958e+00,2.827814204843773283e+01,2.512014178795165975e+00
2.629531037210396107e+02,1.072167256742488917e+00,2.802289422884136627e+01,2.868626486384959406e+01,2.163170333419292213e+00,2.550000000000000266e+00,2.868626486384959406e+01,2.163170333419292213e+00,2.828021732308646108e+01,2.511867206302911715e+00
2.640252709777820996e+02,1.072167256742488917e+00,2.802332427059434039e+01,2.869061076410560673e+01,2.162449235769698497e+00,2.550000000000000266e+00,2.869061076410560673e+01,2.162449235769698497e+00,2.828230505584240007e+01,2.511720283841045731e+00
2.650974382345245886e+02,1.072167256742488917e+00,2.802375941677559723e+01,2.869498235988610091e+01,2.161729852768779825e+00,2.549999999999999822e+00,2.869498235988610091e+01,2.161729852768779825e+00,2.828440521401748597e+01,2.511573411291548208e+00
2.661696054912670775e+02,1.072167256742488917e+00,2.802419968289217778e+01,2.869937907640112584e+01,2.161012173965400684e+00,2.550000000000000266e+00,2.869937907640112584e+01,2.161012173965400684e+00,2.828651776567206255e+01,2.511426588537124083e+00
2.672417727480095664e+02,1.072167256742488917e+00,2.802464508405294907e+01,2.870380037558043185e+01,2.160296189011275736e+00,2.550000000000000266e+00,2.870380037558043185e+01,2.160296189011275736e+00,2.828864267956570089e+01,2.511279815461186171e+00
2.685443451017667940e+02,1.302572353757227575e+00,2.802519313045930005e+01,2.870920414552112732e+01,2.159428605524044364e+00,2.550000000000000266e+00,2.870920414552112732e+01,2.159428605524044364e+00,2.829124081877014163e+01,2.511101568022572561e+00
2.698469174555240215e+02,1.302572353757227575e+00,2.802574880334636021e+01,2.871464260811798397e+01,2.158563488821443332e+00,2.550000000000000266e+00,2.871464260811798397e+01,2.158563488821443332e+00,2.829385710557932043e+01,2.510923393530711589e+00
2.711494898092812491e+02,1.302572353757227575e+00,2.802631212745846767e+01,2.872011497405049951e+01,2.157700820944605358e+00,2.550000000000000266e+00,2.872011497405049951e+01,2.157700820944605358e+00,2.829649148761242117e+01,2.510745291780711597e+00
2.724520621630384767e+02,1.302572353757227575e+00,2.802688312669247850e+01,2.872562050566922665e+01,2.156840584147128315e+00,2.549999999999999822e+00,2.872562050566922665e+01,2.156840584147128315e+00,2.829914391365449333e+01,2.510567262569168179e+00
2.737546345167957043e+02,1.302572353757227575e+00,2.802746182410513498e+01,2.873115851165775325e+01,2.155982760891887118e+00,2.549999999999999822e+00,2.873115851165775325e+01,2.155982760891887118e+00,2.830181433358185927e+01,2.510389305694147755e+00
2.750572068705529318e+02,1.302572353757227575e+00,2.802804824192135769e+01,2.873672834236946017e+01,2.155127333847862037e+00,2.549999999999999822e+00,2.873672834236946017e+01,2.155127333847862037e+00,2.830450269829443144e+01,2.510211420955169803e+00
2.766182111107583523e+02,1.561004240205420501e+00,2.802876120568155116e+01,2.874344429926742350e+01,2.154105321520833449e+00,2.549999999999999822e+00,2.874344429926742350e+01,2.154105321520833449e+00,2.830774800855285989e+01,2.509998338418999886e+00
2.781792153509637728e+02,1.561004240205420501e+00,2.802948532321619979e+01,2.875020409557978240e+01,2.153086696859457305e+00,2.549999999999999822e+00,2.875020409557978240e+01,2.153086696859457305e+00,2.831101894026449628e+01,2.509785358856437831e+00
2.797402195911691933e+02,1.561004240205420501e+00,2.803022062818457627e+01,2.875700680539917187e+01,2.152071431166680426e+00,2.549999999999999822e+00,2.875700680539917187e+01,2.152071431166680426e+00,2.831431541403926744e+01,2.509572481930479437e+00
2.813012238313746138e+02,1.561004240205420501e+00,2.803096715263816208e+01,2.876385155973984453e+01,2.151059496142567529e+00,2.549999999999999822e+00,2.876385155973984453e+01,2.151059496142567529e+00,2.831763735212953037e+01,2.509359707306965781e+00
2.828622280715800343e+02,1.561004240205420501e+00,2.803172492706198682e+01,2.877073754098358549e+01,2.150050863876959539e+00,2.549999999999999822e+00,2.877073754098358549e+01,2.150050863876959539e+00,2.832098467833110789e+01,2.509147034654545472e+00
2.844232323117854548e+02,1.561004240205420501e+00,2.803249398042224172e+01,2.877766397799560139e+01,2.149045506842258035e+00,2.549999999999999822e+00,2.877766397799560139e+01,2.149045506842258035e+00,2.832435731789323441e+01,2.508934463644638235e+00
2.862724290156483562e+02,1.849196703862901359e+00,2.803341964866275049e+01,2.878592052319332950e+01,2.147858741666155424e+00,2.549999999999999822e+00,2.878592052319332950e+01,2.147858741666155424e+00,2.832838526794419920e+01,2.508682778868993157e+00
2.881216257195112576e+02,1.849196703862901359e+00,2.803436122662280283e+01,2.879423167776563375e+01,2.146676490145718486e+00,2.549999999999999822e+00,2.879423167776563375e+01,2.146676490145718486e+00,2.833244851829812561e+01,2.508431235736803711e+00
2.899708224233741589e+02,1.849196703862901359e+00,2.803531875488991787e+01,2.880259636795671341e+01,2.145498708521183850e+00,2.549999999999999822e+00,2.880259636795671341e+01,2.145498708521183850e+00,2.833654695171585303e+01,2.508179833716481344e+00
2.918200191272370603e+02,1.849196703862901359e+00,2.803629227164068993e+01,2.881101358202532836e+01,2.144325353727356109e+00,2.549999999999999822e+00,2.881101358202532836e+01,2.144325353727356109e+00,2.834068045321884455e+01,2.507928572281574287e+00
2.936692158310999616e+02,1.849196703862901359e+00,2.803728181284719412e+01,2.881948236451746581e+01,2.143156383378574503e+00,2.549999999999999822e+00,2.881948236451746581e+01,2.143156383378574503e+00,2.834484890996120399e+01,2.507677450910690720e+00
2.955184125349628630e+02,1.849196703862901359e+00,2.803828741250211465e+01,2.882800181119822724e+01,2.141991755754045546e+00,2.549999999999999822e+00,2.882800181119822724e+01,2.141991755754045546e+00,2.834905221111239726e+01,2.507426469087410847e+00
2.976870880278682989e+02,2.168675492905435931e+00,2.803948724886272004e+01,2.883805652791820506e+01,2.140631397423611748e+00,2.549999999999999822e+00,2.883805652791820506e+01,2.140631397423611748e+00,2.835402594854009450e+01,2.507132303179421928e+00
2.998557635207737349e+02,2.168675492905435931e+00,2.804070926548192944e+01,2.884817844136944842e+01,2.139276890399808284e+00,2.549999999999999822e+00,2.884817844136944842e+01,2.139276890399808284e+00,2.835904728803582842e+01,2.506838327682547440e+00
3.000000000000000000e+02,1.442364792262651463e-01,2.804079132842350930e+01,2.884885399253893823e+01,2.139187009421314123e+00,2.549999999999999822e+00,2.884885399253893823e+01,2.139187009421314123e+00,2.835938293651098263e+01,2.506818782394068190e+00
3.000000364729932016e+02,3.647299320164165692e-05,2.804079134918715610e+01,2.884885416337023401e+01,2.139186986696401060e+00,2.549999999999999822e+00,2.884885416337023401e+01,2.139186986696401060e+00,2.835938302141275713e+01,2.506818777451768732e+00
3.000000729459864033e+02,3.647299320164165692e-05,2.804079136995080646e+01,2.884885433418235934e+01,2.139186963971490218e+00,2.549999999999999822e+00,2.884885433418235934e+01,2.139186963971490218e+00,2.835938310631450676e+01,2.506818772509469717e+00
3.000004376759184197e+02,3.647299320164165692e-04,2.804079157758786423e+01,2.884885604161835815e+01,2.139186736722535009e+00,2.549999999999999822e+00,2.884885604161835815e+01,2.139186736722535009e+00,2.835938395533253598e+01,2.506818723086479572e+00
3.000008024058504361e+02,3.647299320164165692e-04,2.804079178522553306e+01,2.884885774852864415e+01,2.139186509473750331e+00,2.549999999999999822e+00,2.884885774852864415e+01,2.139186509473750331e+00,2.835938480435103415e+01,2.506818673663495201e+00
3.000038224431299341e+02,3.020037279497955751e-03,2.804079350454443187e+01,2.884887186682287208e+01,2.139184627818030204e+00,2.549999999999999822e+00,2.884887186682287208e+01,2.139184627818030204e+00,2.835939183442249956e+01,2.506818264431550869e+00
3.000068424804094320e+02,3.020037279497955751e-03,2.804079522390551205e+01,2.884888597306649061e+01,2.139182746173523331e+00,2.549999999999999822e+00,2.884888597306649061e+01,2.139182746173523331e+00,2.835939886452514358e+01,2.506817855199965361e+00
3.000136900826748274e+02,6.847602265395380527e-03,2.804079912250864481e+01,2.884891792852262427e+01,2.139178479788884868e+00,2.549999999999999822e+00,2.884891792852262427e+01,2.139178479788884868e+00,2.835941480461379527e+01,2.506816927313572307e+00
3.000205376849402228e+02,6.847602265395380527e-03,2.804080302132390301e+01,2.884894984792174810e+01,2.139174213460142138e+00,2.549999999999999822e+00,2.884894984792174810e+01,2.139174213460142138e+00,2.835943074485959770e+01,2.506815999428989361e+00
3.000273852872056182e+02,6.847602265395380527e-03,2.804080692035804390e+01,2.884898173788525710e+01,2.139169947188921395e+00,2.549999999999999822e+00,2.884898173788525710e+01,2.139169947188921395e+00,2.835944668526780887e+01,2.506815071546273810e+00
3.000398613255343889e+02,1.247603832877075547e-02,2.804081402479821605e+01,2.884903977621342008e+01,2.139162174374009240e+00,2.549999999999999822e+00,2.884903977621342008e+01,2.139162174374009240e+00,2.835947572843065245e+01,2.506813380988503148e+00
3.000523373638631597e+02,1.247603832877075547e-02,2.804082112997599197e+01,2.884909774641638336e+01,2.139154401752309198e+00,2.549999999999999822e+00,2.884909774641638336e+01,2.139154401752309198e+00,2.835950477214253951e+01,2.506811690437024787e+00
3.000648134021919304e+02,1.247603832877075547e-02,2.804082823589082807e+01,2.884915565761958689e+01,2.139146629323486426e+00,2.549999999999999822e+00,2.884915565761958689e+01,2.139146629323486426e+00,2.835953381640403848e+01,2.506809999891832508e+00
3.000772894405207012e+02,1.247603832877075547e-02,2.804083534254140275e+01,2.884921351574196180e+01,2.139138857087066192e+00,2.549999999999999822e+00,2.884921351574196180e+01,2.139138857087066192e+00,2.835956286121494330e+01,2.506808309352915654e+00
3.000976602366696397e+02,2.037079614893855251e-02,2.804084694781648324e+01,2.884930788341365471e+01,2.139126167042030513e+00,2.549999999999999822e+00,2.884930788341365471e+01,2.139126167042030513e+00,2.835961028658035232e+01,2.506805549065194594e+00
3.001180310328185783e+02,2.037079614893855251e-02,2.804085855505260483e+01,2.884940213751201554e+01,2.139113477509180683e+00,2.549999999999999822e+00,2.884940213751201554e+01,2.139113477509180683e+00,2.835965771341499675e+01,2.506802788794198378e+00
3.001384018289675168e+02,2.037079614893855251e-02,2.804087016425025425e+01,2.884949628922041853e+01,2.139100788488364380e+00,2.549999999999999822e+00,2.884949628922041853e+01,2.139100788488364380e+00,2.835970514172179691e+01,2.506800028539930114e+00
3.001587726251164554e+02,2.037079614893855251e-02,2.804088177540971216e+01,2.884959034668556654e+01,2.139088099979431057e+00,2.549999999999999822e+00,2.884959034668556654e+01,2.139088099979431057e+00,2.835975257150328233e+01,2.506797268302391135e+00
3.001929488842606588e+02,3.417625914420341360e-02,2.804090125995798743e+01,2.884974795303339334e+01,2.139066813508628595e+00,2.549999999999999822e+00,2.884974795303339334e+01,2.139066813508628595e+00,2.835983214817197151e+01,2.506792637465809825e+00
3.002271251434048622e+02,3.417625914420341360e-02,2.804092075002833084e+01,2.884990533757299858e+01,2.139045528477349745e+00,2.549999999999999822e+00,2.884990533757299858e+01,2.139045528477349745e+00,2.835991172900675750e+01,2.506788006676309521e+00
3.002613014025490656e+02,3.417625914420341360e-02,2.804094024562083476e+01,2.885006251964964719e+01,2.139024244884947024e+00,2.549999999999999822e+00,2.885006251964964719e+01,2.139024244884947024e+00,2.835999131401610995e+01,2.506783375933888003e+00
3.002954776616932691e+02,3.417625914420341360e-02,2.804095974673565195e+01,2.885021951411797048e+01,2.139002962730875534e+00,2.549999999999999822e+00,2.885021951411797048e+01,2.139002962730875534e+00,2.836007090320778090e+01,2.506778745238541273e+00
3.003448433506729884e+02,4.936568897971937986e-02,2.804098792475158675e+01,2.885044597738681915e+01,2.138972224391579413e+00,2.549999999999999822e+00,2.885044597738681915e+01,2.138972224391579413e+00,2.836018587272833358e+01,2.506772056542005966e+00
3.003942090396527078e+02,4.936568897971937986e-02,2.804101611429033625e+01,2.885067210455874687e+01,2.138941489050912637e+00,2.549999999999999822e+00,2.885067210455874687e+01,2.138941489050912637e+00,2.836030085101031162e+01,2.506765367943670331e+00
3.004435747286324272e+02,4.936568897971937986e-02,2.804104431535245823e+01,2.885089792002075626e+01,2.138910756707658400e+00,2.549999999999999822e+00,2.885089792002075626e+01,2.138910756707658400e+00,2.836041583807239164e+01,2.506758679443527704e+00
3.004929404176121466e+02,4.936568897971937986e-02,2.804107252793848559e+01,2.885112344430672593e+01,2.138880027360669178e+00,2.549999999999999822e+00,2.885112344430672593e+01,2.138880027360669178e+00,2.836053083393201035e+01,2.506751991041568761e+00
3.005423061065918660e+02,4.936568897971937986e-02,2.804110075204895125e+01,2.885134869468886976e+01,2.138849301008860504e+00,2.549999999999999822e+00,2.885134869468886976e+01,2.138849301008860504e+00,2.836064583860551380e+01,2.506745302737783287e+00
3.006262255398874572e+02,8.391943329559126141e-02,2.804114875820618380e+01,2.885173102253612853e+01,2.138797074474487303e+00,2.549999999999999822e+00,2.885173102253612853e+01,2.138797074474487303e+00,2.836084136160717861e+01,2.506733933149829063e+00
3.007101449731830485e+02,8.391943329559126141e-02,2.804119679767149265e+01,2.885211266068392177e+01,2.138744856587936116e+00,2.549999999999999822e+00,2.885211266068392177e+01,2.138744856587936116e+00,2.836103691019461337e+01,2.506722563845508400e+00
3.007940644064786397e+02,8.391943329559126141e-02,2.804124487044753167e+01,2.885249365806042476e+01,2.138692647344604403e+00,2.549999999999999822e+00,2.885249365806042476e+01,2.138692647344604403e+00,2.836123248443307787e+01,2.506711194824773337e+00
3.008779838397742310e+02,8.391943329559126141e-02,2.804129297653695474e+01,2.885287405615746437e+01,2.138640446740034395e+00,2.549999999999999822e+00,2.885287405615746437e+01,2.138640446740034395e+00,2.836142808438348695e+01,2.506699826087577687e+00
3.009619032730698223e+02,8.391943329559126141e-02,2.804134111594240863e+01,2.885325389043185140e+01,2.138588254769890007e+00,2.549999999999999822e+00,2.885325389043185140e+01,2.138588254769890007e+00,2.836162371010310324e+01,2.506688457633875267e+00
3.010795328856751212e+02,1.176296126052989166e-01,2.804140864888301721e+01,2.885378541156000409e+01,2.138515111970812121e+00,2.549999999999999822e+00,2.885378541156000409e+01,2.138515111970812121e+00,2.836189796155308684e+01,2.506672522984236373e+00
3.011971624982804201e+02,1.176296126052989166e-01,2.804147624729390742e+01,2.885431595571976970e+01,2.138441986116527804e+00,2.549999999999999822e+00,2.885431595571976970e+01,2.138441986116527804e+00,2.836217226387840995e+01,2.506656588891373882e+00
3.013147921108857190e+02,1.176296126052989166e-01,2.804154391118233747e+01,2.885484558340825956e+01,2.138368877195846007e+00,2.549999999999999822e+00,2.885484558340825956e+01,2.138368877195846007e+00,2.836244661720939675e+01,2.506640655355158565e+00
3.014324217234910179e+02,1.176296126052989166e-01,2.804161164055556199e+01,2.885537434717618410e+01,2.138295785197738663e+00,2.549999999999999822e+00,2.885537434717618410e+01,2.138295785197738663e+00,2.836272102166872955e+01,2.506624722375464298e+00
3.015500513360963168e+02,1.176296126052989166e-01,2.804167943542082497e+01,2.885590229301953258e+01,2.138222710111317593e+00,2.549999999999999822e+00,2.885590229301953258e+01,2.138222710111317593e+00,2.836299547737240800e+01,2.506608789952163185e+00
3.017143376447635887e+02,1.642863086672718964e-01,2.804177423011399739e+01,2.885663835090110751e+01,2.138120678752259085e+00,2.549999999999999822e+00,2.885663835090110751e+01,2.138120678752259085e+00,2.836337887935962243e+01,2.506586539011717019e+00
3.018786239534308606e+02,1.642863086672718964e-01,2.804186915259007051e+01,2.885737298775982751e+01,2.138018680331190691e+00,2.549999999999999822e+00,2.885737298775982751e+01,2.138018680331190691e+00,2.836376238180091747e+01,2.506564289155979619e+00
3.020429102620981325e+02,1.642863086672718964e-01,2.804196420286868374e+01,2.885810628649381115e+01,2.137916714819369624e+00,2.549999999999999822e+00,2.885810628649381115e+01,2.137916714819369624e+00,2.836414598496165951e+01,2.506542040384606373e+00
3.022071965707654044e+02,1.642863086672718964e-01,2.804205938096944806e+01,2.885883832006132010e+01,2.137814782188286244e+00,2.549999999999999822e+00,2.885883832006132010e+01,2.137814782188286244e+00,2.836452968909240724e+01,2.506519792697248228e+00
3.023714828794326763e+02,1.642863086672718964e-01,2.804215468691193536e+01,2.885956915316123172e+01,2.137712882409626758e+00,2.549999999999999822e+00,2.885956915316123172e+01,2.137712882409626758e+00,2.836491349443062404e+01,2.506497546093563233e+00
3.025905508237968888e+02,2.190679443642125079e-01,2.804228197175988058e+01,2.886054191561742144e+01,2.137577054985020819e+00,2.549999999999999822e+00,2.886054191561742144e+01,2.137577054985020819e+00,2.836542543835886931e+01,2.506467882995658591e+00
3.028096187681611013e+02,2.190679443642125079e-01,2.804240948400356714e+01,2.886151276639556329e+01,2.137441285858817430e+00,2.549999999999999822e+00,2.886151276639556329e+01,2.137441285858817430e+00,2.836593756314996639e+01,2.506438221823191093e+00
3.030286867125253139e+02,2.190679443642125079e-01,2.804253722368918744e+01,2.886248181162503812e+01,2.137305574965114197e+00,2.549999999999999822e+00,2.886248181162503812e+01,2.137305574965114197e+00,2.836644986928079959e+01,2.506408562575347165e+00
3.032477546568895264e+02,2.190679443642125079e-01,2.804266519086286280e+01,2.886344914585399124e+01,2.137169922238351116e+00,2.549999999999999822e+00,2.886344914585399124e+01,2.137169922238351116e+00,2.836696235720276249e+01,2.506378905251308353e+00
3.034668226012537389e+02,2.190679443642125079e-01,2.804279338557063994e+01,2.886441485387139849e+01,2.137034327613273721e+00,2.549999999999999822e+00,2.886441485387139849e+01,2.137034327613273721e+00,2.836747502734439763e+01,2.506349249850261529e+00
3.037498839225968936e+02,2.830613213431547592e-01,2.804295936509355869e+01,2.886566037657075867e+01,2.136859209484905264e+00,2.549999999999999822e+00,2.886566037657075867e+01,2.136859209484905264e+00,2.836813772742975104e+01,2.506310934461435824e+00
3.040329452439400484e+02,2.830613213431547592e-01,2.804312572467535958e+01,2.886690345871629404e+01,2.136684188113082694e+00,2.549999999999999822e+00,2.886690345871629404e+01,2.136684188113082694e+00,2.836880073325610851e+01,2.506272622280054208e+00
3.043160065652832031e+02,2.830613213431547592e-01,2.804329246441500345e+01,2.886814423157258247e+01,2.136509263358891797e+00,2.549999999999999822e+00,2.886814423157258247e+01,2.136509263358891797e+00,2.836946404561098234e+01,2.506234313304367856e+00
3.045990678866263579e+02,2.830613213431547592e-01,2.804345958441133391e+01,2.886938281326367317e+01,2.136334435083992567e+00,2.549999999999999822e+00,2.886938281326367317e+01,2.136334435083992567e+00,2.837012766524086160e+01,2.506196007532625725e+00
3.048821292079695127e+02,2.830613213431547592e-01,2.804362708476312704e+01,2.887061931069150233e+01,2.136159703150581457e+00,2.549999999999999822e+00,2.887061931069150233e+01,2.136159703150581457e+00,2.837079159285518060e+01,2.506157704963082100e+00
3.052384887359683034e+02,3.563595279987907816e-01,2.804383850002049527e+01,2.887217318258219478e+01,2.135939861486224167e+00,2.549999999999999822e+00,2.887217318258219478e+01,2.135939861486224167e+00,2.837162788227878707e+01,2.506109488564527865e+00
3.055948482639670942e+02,3.563595279987907816e-01,2.804405051847580310e+01,2.887372407971555788e+01,2.135720172027884001e+00,2.549999999999999822e+00,2.887372407971555788e+01,2.135720172027884001e+00,2.837246466218991259e+01,2.506061277235062335e+00
3.059512077919658850e+02,3.563595279987907816e-01,2.804426314032595968e+01,2.887527215971163130e+01,2.135500634503800121e+00,2.549999999999999822e+00,2.887527215971163130e+01,2.135500634503800121e+00,2.837330193379767351e+01,2.506013070971214507e+00
3.063075673199646758e+02,3.563595279987907816e-01,2.804447636576794167e+01,2.887681756559600288e+01,2.135281248643280172e+00,2.549999999999999822e+00,2.887681756559600288e+01,2.135281248643280172e+00,2.837413969824885385e+01,2.505964869769524039e+00
3.066639268479634666e+02,3.563595279987907816e-01,2.804469019499888915e+01,2.887836042778073420e+01,2.135062014176657641e+00,2.549999999999999822e+00,2.887836042778073420e+01,2.135062014176657641e+00,2.837497795663340128e+01,2.505916673626534141e+00
3.071051286246177483e+02,4.412017766542817299e-01,2.804495576961822678e+01,2.888026726862391413e+01,2.134790793611048620e+00,2.549999999999999822e+00,2.888026726862391413e+01,2.134790793611048620e+00,2.837601647385230663e+01,2.505857009926008239e+00
3.075463304012720300e+02,4.412017766542817299e-01,2.804522227042912164e+01,2.888217059900460626e+01,2.134519804188939052e+00,2.549999999999999822e+00,2.888217059900460626e+01,2.134519804188939052e+00,2.837705575164941862e+01,2.505797353967855301e+00
3.079875321779263118e+02,4.412017766542817299e-01,2.804548969780767820e+01,2.888407060633384660e+01,2.134249045404655210e+00,2.549999999999999822e+00,2.888407060633384660e+01,2.134249045404655210e+00,2.837809579179197428e+01,2.505737705745557875e+00
3.084287339545805935e+02,4.412017766542817299e-01,2.804575805213110229e+01,2.888596746154569672e+01,2.133978516754645671e+00,2.549999999999999822e+00,2.888596746154569672e+01,2.133978516754645671e+00,2.837913659595456295e+01,2.505678065252609610e+00
3.088699357312348752e+02,4.412017766542817299e-01,2.804602733377794621e+01,2.888786132122378092e+01,2.133708217737428914e+00,2.550000000000000266e+00,2.888786132122378092e+01,2.133708217737428914e+00,2.838017816572687835e+01,2.505618432482519697e+00
3.093111375078891570e+02,4.412017766542817299e-01,2.804629754312828993e+01,2.888975232947585781e+01,2.133438147853547129e+00,2.549999999999999822e+00,2.888975232947585781e+01,2.133438147853547129e+00,2.838122050262075646e+01,2.505558807428811097e+00
3.099681813509252493e+02,6.570438430360923121e-01,2.804670166297294287e+01,2.889256344471493421e+01,2.133036379637025526e+00,2.549999999999999822e+00,2.889256344471493421e+01,2.133036379637025526e+00,2.838277419020550596e+01,2.505470027254999010e+00
3.106252251939613416e+02,6.570438430360923121e-01,2.804710784235626875e+01,2.889536893069762158e+01,2.132635116844989298e+00,2.550000000000000266e+00,2.889536893069762158e+01,2.132635116844989298e+00,2.838432958674810891e+01,2.505381264158637045e+00
3.112822690369974339e+02,6.570438430360923121e-01,2.804751608255874018e+01,2.889816914883175158e+01,2.132234357851810813e+00,2.549999999999999822e+00,2.889816914883175158e+01,2.132234357851810813e+00,2.838588669644473583e+01,2.505292518118504841e+00
3.119393128800335262e+02,6.570438430360923121e-01,2.804792638487339929e+01,2.890096442617289441e+01,2.131834101041076845e+00,2.549999999999999822e+00,2.890096442617289441e+01,2.131834101041076845e+00,2.838744552322639692e+01,2.505203789113452206e+00
3.125963567230696185e+02,6.570438430360923121e-01,2.804833875060730719e+01,2.890375506022914465e+01,2.131434344805436254e+00,2.549999999999999822e+00,2.890375506022914465e+01,2.131434344805436254e+00,2.838900607078320704e+01,2.505115077122393785e+00
3.132534005661057108e+02,6.570438430360923121e-01,2.804875318108296867e+01,2.890654132310242019e+01,2.131035087546452100e+00,2.549999999999999822e+00,2.890654132310242019e+01,2.131035087546452100e+00,2.839056834258599693e+01,2.505026382124316164e+00
3.140727739995581942e+02,8.193734334524833685e-01,2.804927289592901829e+01,2.891001021418330197e+01,2.130537886294756600e+00,2.549999999999999822e+00,2.891001021418330197e+01,2.130537886294756600e+00,2.839251901086506180e+01,2.504915797871585692e+00
3.148921474330106776e+02,8.193734334524833685e-01,2.804979582650030068e+01,2.891347313785965056e+01,2.130041455495990110e+00,2.550000000000000266e+00,2.891347313785965056e+01,2.130041455495990110e+00,2.839447237163728488e+01,2.504805239972600184e+00
3.157115208664631609e+02,8.193734334524833685e-01,2.805032197548221262e+01,2.891693049678757532e+01,2.129545792106784408e+00,2.549999999999999822e+00,2.891693049678757532e+01,2.129545792106784408e+00,2.839642843044038045e+01,2.504694708387036339e+00
3.165308942999156443e+02,8.193734334524833685e-01,2.805085134561200633e+01,2.892038265836223587e+01,2.129050893104165620e+00,2.550000000000000266e+00,2.892038265836223587e+01,2.129050893104165620e+00,2.839838719244201215e+01,2.504584203074729842e+00
3.173502677333681277e+02,8.193734334524833685e-01,2.805138393968251975e+01,2.892382995930502076e+01,2.128556755485288665e+00,2.549999999999999822e+00,2.892382995930502076e+01,2.128556755485288665e+00,2.840034866247152578e+01,2.504473723995676249e+00
3.181696411668206110e+02,8.193734334524833685e-01,2.805191976054583236e+01,2.892727270954726393e+01,2.128063376267184115e+00,2.550000000000000266e+00,2.892727270954726393e+01,2.128063376267184115e+00,2.840231284504789500e+01,2.504363271110026545e+00
3.191862671668057487e+02,1.016625999985137696e+00,2.805258906258955776e+01,2.893153835521214390e+01,2.127452272769877251e+00,2.549999999999999822e+00,2.893153835521214390e+01,2.127452272769877251e+00,2.840475365379264971e+01,2.504226264605535324e+00
3.202028931667908864e+02,1.016625999985137696e+00,2.805326334224165308e+01,2.893579793691025870e+01,2.126842326595038912e+00,2.550000000000000266e+00,2.893579793691025870e+01,2.126842326595038912e+00,2.840719865232263786e+01,2.504089298287261123e+00
3.212195191667760241e+02,1.016625999985137696e+00,2.805394260537788043e+01,2.894005191355315532e+01,2.126233532169543583e+00,2.549999999999999822e+00,2.894005191355315532e+01,2.126233532169543583e+00,2.840964784758982375e+01,2.503952372080086253e+00
3.222361451667611618e+02,1.016625999985137696e+00,2.805462685804907252e+01,2.894430070591225146e+01,2.125625883965065910e+00,2.550000000000000266e+00,2.894430070591225146e+01,2.125625883965065910e+00,2.841210124602188714e+01,2.503815485909252736e+00
3.232527711667462995e+02,1.016625999985137696e+00,2.805531610648956686e+01,2.894854470121509848e+01,2.125019376497502943e+00,2.549999999999999822e+00,2.894854470121509848e+01,2.125019376497502943e+00,2.841455885356484146e+01,2.503678639700361419e+00
3.242693971667314372e+02,1.016625999985137696e+00,2.805601035712514957e+01,2.895278425706776915e+01,2.124414004326423910e+00,2.550000000000000266e+00,2.895278425706776915e+01,2.124414004326423910e+00,2.841702067572113322e+01,2.503541833379368864e+00
3.255211268739741399e+02,1.251729707242702716e+00,2.805687204030511595e+01,2.895799863729154566e+01,2.123670186008315586e+00,2.549999999999999822e+00,2.895799863729154566e+01,2.123670186008315586e+00,2.842005761272500663e+01,2.503373444075116971e+00
3.267728565812168426e+02,1.251729707242702716e+00,2.805774132965598611e+01,2.896320735762770227e+01,2.122928070632255082e+00,2.550000000000000266e+00,2.896320735762770227e+01,2.122928070632255082e+00,2.842310095548950244e+01,2.503205114992332003e+00
3.280245862884595454e+02,1.251729707242702716e+00,2.805861823846431236e+01,2.896841094024481578e+01,2.122187648308861974e+00,2.549999999999999822e+00,2.896841094024481578e+01,2.122187648308861974e+00,2.842615071193421628e+01,2.503036845994986770e+00
3.292763159957022481e+02,1.251729707242702716e+00,2.805950278052354463e+01,2.897360986521618642e+01,2.121448909243894843e+00,2.550000000000000266e+00,2.897360986521618642e+01,2.121448909243894843e+00,2.842920688924336048e+01,2.502868636947844561e+00
3.305280457029449508e+02,1.251729707242702716e+00,2.806039497014831596e+01,2.897880457531044129e+01,2.120711843736907021e+00,2.549999999999999822e+00,2.897880457531044129e+01,2.120711843736907021e+00,2.843226949392386160e+01,2.502700487716444933e+00
3.317797754101876535e+02,1.251729707242702716e+00,2.806129482218695870e+01,2.898399548013513538e+01,2.119976442179935194e+00,2.550000000000000266e+00,2.898399548013513538e+01,2.119976442179935194e+00,2.843533853185757110e+01,2.502532398167105043e+00
3.333007480891450314e+02,1.520972678957377866e+00,2.806239856361416329e+01,2.899029835638273411e+01,2.119085083739240094e+00,2.549999999999999822e+00,2.899029835638273411e+01,2.119085083739240094e+00,2.843907637516552001e+01,2.502328233231886578e+00
3.348217207681024092e+02,1.520972678957377866e+00,2.806351366976434036e+01,2.899659680287660279e+01,2.118196151113488135e+00,2.550000000000000266e+00,2.899659680287660279e+01,2.118196151113488135e+00,2.844282373316614709e+01,2.502124155981685139e+00
3.363426934470597871e+02,1.520972678957377866e+00,2.806464017057695415e+01,2.900289139748208100e+01,2.117309627600575173e+00,2.549999999999999822e+00,2.900289139748208100e+01,2.117309627600575173e+00,2.844658061323834986e+01,2.501920166181183180e+00
3.378636661260171650e+02,1.520972678957377866e+00,2.806577809722610439e+01,2.900918267237575776e+01,2.116425496688139063e+00,2.550000000000000266e+00,2.900918267237575776e+01,2.116425496688139063e+00,2.845034702177136055e+01,2.501716263596676093e+00
3.393846388049745428e+02,1.520972678957377866e+00,2.806692748212527633e+01,2.901547111902381815e+01,2.115543742050492781e+00,2.549999999999999822e+00,2.901547111902381815e+01,2.115543742050492781e+00,2.845412296424160914e+01,2.501512447996059763e+00
3.409056114839319207e+02,1.520972678957377866e+00,2.806808835892546483e+01,2.902175719251877695e+01,2.114664347545632150e+00,2.550000000000000266e+00,2.902175719251877695e+01,2.114664347545632150e+00,2.845790844528204389e+01,2.501308719148808368e+00
3.427292174196131214e+02,1.823605935681200663e+00,2.806949541782017832e+01,2.902929149125137087e+01,2.113613065672524716e+00,2.549999999999999822e+00,2.902929149125137087e+01,2.113613065672524716e+00,2.846245971636630401e+01,2.501064567701209107e+00
3.445528233552943220e+02,1.823605935681200663e+00,2.807091910936548729e+01,2.903682365686231037e+01,2.112565126469411858e+00,2.550000000000000266e+00,2.903682365686231037e+01,2.112565126469411858e+00,2.846702471027051473e+01,2.500820540244052648e+00
3.463764292909755227e+02,1.823605935681200663e+00,2.807235949841341238e+01,2.904435430796213780e+01,2.111520503123303971e+00,2.549999999999999822e+00,2.904435430796213780e+01,2.111520503123303971e+00,2.847160343088660284e+01,2.500576636388781360e+00
3.482000352266567234e+02,1.823605935681200663e+00,2.807381665217306121e+01,2.905188401479629334e+01,2.110479169175222935e+00,2.550000000000000266e+00,2.905188401479629334e+01,2.110479169175222935e+00,2.847619588083567521e+01,2.500332855749947569e+00
3.500236411623379240e+02,1.823605935681200663e+00,2.807529064010309838e+01,2.905941330432224490e+01,2.109441098513646917e+00,2.550000000000000266e+00,2.905941330432224490e+01,2.109441098513646917e+00,2.848080206156591743e+01,2.500089197945170927e+00
3.518472470980191247e+02,1.823605935681200663e+00,2.807678153378265051e+01,2.906694266465617460e+01,2.108406265368110155e+00,2.550000000000000266e+00,2.906694266465617460e+01,2.108406265368110155e+00,2.848542197344083959e+01,2.499845662595094442e+00
3.540099309132772873e+02,2.162683815258162667e+00,2.807857165592967519e+01,2.907587273353995272e+01,2.107183178737495055e+00,2.549999999999999822e+00,2.907587273353995272e+01,2.107183178737495055e+00,2.849091870037374363e+01,2.499557002944287731e+00
3.561726147285354500e+02,2.162683815258162667e+00,2.808038578460937273e+01,2.908480423620663302e+01,2.105964567923199748e+00,2.550000000000000266e+00,2.908480423620663302e+01,2.105964567923199748e+00,2.849643473575412500e+01,2.499268514368214067e+00
3.583352985437936127e+02,2.162683815258162667e+00,2.808222404886467061e+01,2.909373781521822977e+01,2.104750391734178105e+00,2.549999999999999822e+00,2.909373781521822977e+01,2.104750391734178105e+00,2.850197007512113245e+01,2.498980196250224939e+00
3.600000000000000000e+02,1.664701456206387320e+00,2.808365555392678559e+01,2.910061612532373942e+01,2.103818788288184471e+00,2.550000000000000266e+00,2.910061612532373942e+01,2.103818788288184471e+00,2.850624398468198706e+01,2.498758382350886542e+00
3.600000361788566465e+02,3.617885664652931155e-05,2.808365558519428618e+01,2.910061627483500146e+01,2.103818768069862344e+00,2.550000000000000266e+00,2.910061627483500146e+01,2.103818768069862344e+00,2.850624407769083035e+01,2.498758377531309804e+00
3.600000723577132931e+02,3.617885664652931155e-05,2.808365561646179387e+01,2.910061642435008267e+01,2.103818747851541104e+00,2.550000000000000266e+00,2.910061642435008267e+01,2.103818747851541104e+00,2.850624417069968786e+01,2.498758372711733511e+00
3.600004341462797584e+02,3.617885664652931155e-04,2.808365592913744635e+01,2.910061791963747524e+01,2.103818545668462381e+00,2.550000000000000266e+00,2.910061791963747524e+01,2.103818545668462381e+00,2.850624510078887397e+01,2.498758324515972351e+00
3.600007959348462236e+02,3.617885664652931155e-04,2.808365624181377029e+01,2.910061941502979721e+01,2.103818343485518660e+00,2.550000000000000266e+00,2.910061941502979721e+01,2.103818343485518660e+00,2.850624603087874931e+01,2.498758276320216520e+00
3.600044138205108766e+02,3.617885664652931155e-03,2.808365936863557266e+01,2.910063437315476875e+01,2.103816321667191680e+00,2.550000000000000266e+00,2.910063437315476875e+01,2.103816321667191680e+00,2.850625533183882254e+01,2.498757794363058338e+00
3.600080317061755295e+02,3.617885664652931155e-03,2.808366249552407368e+01,2.910064933456144942e+01,2.103814299861286763e+00,2.550000000000000266e+00,2.910064933456144942e+01,2.103814299861286763e+00,2.850626463286868884e+01,2.498757312406366005e+00
3.600202872002018921e+02,1.225549402636261220e-02,2.808367308824122333e+01,2.910070003100462088e+01,2.103807451131267658e+00,2.550000000000000266e+00,2.910070003100462088e+01,2.103807451131267658e+00,2.850629614035100801e+01,2.498755679793766671e+00
3.600325426942282547e+02,1.225549402636261220e-02,2.808368368171792540e+01,2.910075074768148440e+01,2.103800602540172093e+00,2.550000000000000266e+00,2.910075074768148440e+01,2.103800602540172093e+00,2.850632764862743329e+01,2.498754047186451110e+00
3.600447981882546173e+02,1.225549402636261220e-02,2.808369427597069645e+01,2.910080147988958643e+01,2.103793754090256929e+00,2.550000000000000266e+00,2.910080147988958643e+01,2.103793754090256929e+00,2.850635915771496798e+01,2.498752414584533899e+00
3.600678328989779402e+02,2.303471072332285985e-02,2.808371419041946027e+01,2.910089686804146325e+01,2.103780882526560259e+00,2.550000000000000266e+00,2.910089686804146325e+01,2.103780882526560259e+00,2.850641838256006011e+01,2.498749346056007514e+00
3.600908676097012631e+02,2.303471072332285985e-02,2.808373410763835309e+01,2.910099229299536816e+01,2.103768011463958310e+00,2.550000000000000266e+00,2.910099229299536816e+01,2.103768011463958310e+00,2.850647761029829397e+01,2.498746277546744832e+00
3.601139023204245859e+02,2.303471072332285985e-02,2.808375402762602846e+01,2.910108775001344483e+01,2.103755140901438558e+00,2.550000000000000266e+00,2.910108775001344483e+01,2.103755140901438558e+00,2.850653684092710805e+01,2.498743209056737413e+00
3.601369370311479088e+02,2.303471072332285985e-02,2.808377395037902247e+01,2.910118323599425594e+01,2.103742270837850814e+00,2.550000000000000266e+00,2.910118323599425594e+01,2.103742270837850814e+00,2.850659607444190513e+01,2.498740140585956393e+00
3.601782365052022215e+02,4.129947405431266816e-02,2.808380967727465460e+01,2.910135450001088486e+01,2.103719197046319600e+00,2.550000000000000266e+00,2.910135450001088486e+01,2.103719197046319600e+00,2.850670228282530516e+01,2.498734639100737009e+00
3.602195359792565341e+02,4.129947405431266816e-02,2.808384541305931492e+01,2.910152583797584214e+01,2.103696124855094496e+00,2.550000000000000266e+00,2.910152583797584214e+01,2.103696124855094496e+00,2.850680850047789150e+01,2.498729137677306866e+00
3.602608354533108468e+02,4.129947405431266816e-02,2.808388115773536953e+01,2.910169724234065924e+01,2.103673054263050624e+00,2.550000000000000266e+00,2.910169724234065924e+01,2.103673054263050624e+00,2.850691472739775634e+01,2.498723636315673513e+00
3.603021349273651595e+02,4.129947405431266816e-02,2.808391691130460899e+01,2.910186870784309576e+01,2.103649985269295364e+00,2.550000000000000266e+00,2.910186870784309576e+01,2.103649985269295364e+00,2.850702096358270055e+01,2.498718135015837394e+00
3.603740171586971428e+02,7.188223133198334835e-02,2.808397916203413303e+01,2.910216727979314655e+01,2.103609837217444767e+00,2.550000000000000266e+00,2.910216727979314655e+01,2.103609837217444767e+00,2.850720589102856195e+01,2.498708560084673902e+00
3.604458993900291262e+02,7.188223133198334835e-02,2.808404143971196376e+01,2.910246600667929329e+01,2.103569694000636314e+00,2.550000000000000266e+00,2.910246600667929329e+01,2.103569694000636314e+00,2.850739084651926802e+01,2.498698985340680689e+00
3.605177816213611095e+02,7.188223133198334835e-02,2.808410374434271617e+01,2.910276487517461064e+01,2.103529555615403446e+00,2.550000000000000266e+00,2.910276487517461064e+01,2.103529555615403446e+00,2.850757583004192242e+01,2.498689410783836440e+00
3.605896638526930928e+02,7.188223133198334835e-02,2.808416607593120418e+01,2.910306387530182093e+01,2.103489422058804514e+00,2.550000000000000266e+00,2.910306387530182093e+01,2.103489422058804514e+00,2.850776084158491486e+01,2.498679836414113620e+00
3.606971207697947079e+02,1.074569171016150904e-01,2.808425930585188368e+01,2.910351108000702425e+01,2.103429435309337681e+00,2.550000000000000266e+00,2.910351108000702425e+01,2.103429435309337681e+00,2.850803746800677274e+01,2.498665524015145412e+00
3.608045776868963230e+02,1.074569171016150904e-01,2.808435259604362599e+01,2.910395853874075911e+01,2.103369459336607683e+00,2.550000000000000266e+00,2.910395853874075911e+01,2.103369459336607683e+00,2.850831415698954885e+01,2.498651212034226354e+00
3.609120346039979381e+02,1.074569171016150904e-01,2.808444594652301518e+01,2.910440623381129654e+01,2.103309494133171142e+00,2.550000000000000266e+00,2.910440623381129654e+01,2.103309494133171142e+00,2.850859090850234878e+01,2.498636900471282729e+00
3.610194915210995532e+02,1.074569171016150904e-01,2.808453935730661399e+01,2.910485415111259044e+01,2.103249539692105596e+00,2.550000000000000266e+00,2.910485415111259044e+01,2.103249539692105596e+00,2.850886772251631385e+01,2.498622589326239485e+00
3.611761176998516589e+02,1.566261787521057158e-01,2.808467561827805881e+01,2.910550739646807017e+01,2.103162171048095441e+00,2.550000000000000266e+00,2.910550739646807017e+01,2.103162171048095441e+00,2.850927131072043608e+01,2.498601730552236333e+00
3.613327438786037646e+02,1.566261787521057158e-01,2.808481200745322681e+01,2.910616105882951388e+01,2.103074825235497158e+00,2.550000000000000266e+00,2.910616105882951388e+01,2.103074825235497158e+00,2.850967503157254157e+01,2.498580872665683739e+00
3.614893700573558704e+02,1.566261787521057158e-01,2.808494852488346893e+01,2.910681511342670191e+01,2.102987502235674988e+00,2.550000000000000266e+00,2.910681511342670191e+01,2.102987502235674988e+00,2.851007888499855270e+01,2.498560015666353440e+00
3.616459962361079761e+02,1.566261787521057158e-01,2.808508517062018939e+01,2.910746953923446512e+01,2.102900202030559829e+00,2.550000000000000266e+00,2.910746953923446512e+01,2.102900202030559829e+00,2.851048287092843836e+01,2.498539159554016287e+00
3.618026224148600818e+02,1.566261787521057158e-01,2.808522194471482791e+01,2.910812431835879011e+01,2.102812924602555089e+00,2.550000000000000266e+00,2.910812431835879011e+01,2.102812924602555089e+00,2.851088698929564913e+01,2.498518304328444017e+00
3.620549571699551734e+02,2.523347550950916229e-01,2.808544256660220384e+01,2.910917991402204308e+01,2.102672362967713759e+00,2.550000000000000266e+00,2.910917991402204308e+01,2.102672362967713759e+00,2.851153832813279365e+01,2.498484707095581125e+00
3.623072919250502650e+02,2.523347550950916229e-01,2.808566352199492755e+01,2.911023633342530559e+01,2.102531860336500191e+00,2.550000000000000266e+00,2.911023633342530559e+01,2.102531860336500191e+00,2.851219001029910061e+01,2.498451112162795251e+00
3.625596266801453567e+02,2.523347550950916229e-01,2.808588481110860968e+01,2.911129353195799396e+01,2.102391416640016164e+00,2.550000000000000266e+00,2.911129353195799396e+01,2.102391416640016164e+00,2.851284203555794861e+01,2.498417519529133379e+00
3.628119614352404483e+02,2.523347550950916229e-01,2.808610643415907049e+01,2.911235147150569702e+01,2.102251031810423498e+00,2.549999999999999822e+00,2.911235147150569702e+01,2.102251031810423498e+00,2.851349440368462496e+01,2.498383929193642494e+00
3.630642961903355399e+02,2.523347550950916229e-01,2.808632839136232917e+01,2.911341011923306965e+01,2.102110705780764643e+00,2.549999999999999822e+00,2.911341011923306965e+01,2.102110705780764643e+00,2.851414711446471628e+01,2.498350341155375354e+00
3.634120782254415190e+02,3.477820351059790482e-01,2.808663485338692567e+01,2.911487031602540299e+01,2.101917396754368728e+00,2.549999999999999822e+00,2.911487031602540299e+01,2.101917396754368728e+00,2.851504727859343191e+01,2.498304051984039820e+00
3.637598602605474980e+02,3.477820351059790482e-01,2.808694195114245318e+01,2.911633174061504548e+01,2.101724199126675963e+00,2.549999999999999822e+00,2.911633174061504548e+01,2.101724199126675963e+00,2.851594809272120301e+01,2.498257767172202826e+00
3.641076422956534770e+02,3.477820351059790482e-01,2.808724968519598875e+01,2.911779433861509148e+01,2.101531112728015849e+00,2.549999999999999822e+00,2.911779433861509148e+01,2.101531112728015849e+00,2.851684955635904117e+01,2.498211486717387686e+00
3.644554243307594561e+02,3.477820351059790482e-01,2.808755805611509615e+01,2.911925806265248795e+01,2.101338137390133198e+00,2.549999999999999822e+00,2.911925806265248795e+01,2.101338137390133198e+00,2.851775166903836478e+01,2.498165210617119936e+00
3.648032063658654351e+02,3.477820351059790482e-01,2.808786706446774417e+01,2.912072287115875824e+01,2.101145272946011389e+00,2.549999999999999822e+00,2.912072287115875824e+01,2.101145272946011389e+00,2.851865443030842329e+01,2.498118938868929551e+00
3.652779974553091620e+02,4.747910894437268325e-01,2.808828995198454592e+01,2.912272430869471407e+01,2.100882153666358665e+00,2.550000000000000266e+00,2.912272430869471407e+01,2.100882153666358665e+00,2.851988792389328253e+01,2.498055775825893221e+00
3.657527885447528888e+02,4.747910894437268325e-01,2.808871403003303868e+01,2.912472761814034072e+01,2.100619240338108096e+00,2.550000000000000266e+00,2.912472761814034072e+01,2.100619240338108096e+00,2.852112262442525648e+01,2.497992620883239479e+00
3.662275796341966156e+02,4.747910894437268325e-01,2.808913930006094617e+01,2.912673272907216671e+01,2.100356532544950028e+00,2.549999999999999822e+00,2.912673272907216671e+01,2.100356532544950028e+00,2.852235853088275519e+01,2.497929474034715991e+00
3.667023707236403425e+02,4.747910894437268325e-01,2.808956576351645040e+01,2.912873957952639259e+01,2.100094029873140311e+00,2.549999999999999822e+00,2.912873957952639259e+01,2.100094029873140311e+00,2.852359564228044064e+01,2.497866335274084637e+00
3.671771618130840693e+02,4.747910894437268325e-01,2.808999342184790748e+01,2.913074811460877811e+01,2.099831731911292465e+00,2.549999999999999822e+00,2.913074811460877811e+01,2.099831731911292465e+00,2.852483395766525476e+01,2.497803204595118842e+00
3.677997335768407083e+02,6.225717637566390295e-01,2.809055600363182847e+01,2.913338428599054808e+01,2.099488102149901447e+00,2.549999999999999822e+00,2.913338428599054808e+01,2.099488102149901447e+00,2.852645952667711882e+01,2.497720436469267113e+00
3.684223053405973474e+02,6.225717637566390295e-01,2.809112064562436828e+01,2.913602317312729539e+01,2.099144822743635341e+00,2.550000000000000266e+00,2.913602317312729539e+01,2.099144822743635341e+00,2.852808716220534535e+01,2.497637682214266519e+00
3.690448771043539864e+02,6.225717637566390295e-01,2.809168735108735859e+01,2.913866469089346367e+01,2.098801892780880252e+00,2.549999999999999822e+00,2.913866469089346367e+01,2.098801892780880252e+00,2.852971686229972548e+01,2.497554941816174878e+00
3.696674488681106254e+02,6.225717637566390295e-01,2.809225612327923827e+01,2.914130876375960355e+01,2.098459311355250545e+00,2.549999999999999822e+00,2.914130876375960355e+01,2.098459311355250545e+00,2.853134862506800573e+01,2.497472215261088202e+00
3.702900206318672645e+02,6.225717637566390295e-01,2.809282696545400526e+01,2.914395532431376523e+01,2.098117077565352595e+00,2.549999999999999822e+00,2.914395532431376523e+01,2.098117077565352595e+00,2.853298244866969213e+01,2.497389502535136252e+00
3.710832395234937167e+02,7.932188916264522049e-01,2.809355727961161975e+01,2.914733081689781358e+01,2.097681539587954003e+00,2.549999999999999822e+00,2.914733081689781358e+01,2.097681539587954003e+00,2.853506708659481106e+01,2.497284138236062212e+00
3.718764584151201689e+02,7.932188916264522049e-01,2.809429096601378362e+01,2.915071013897529539e+01,2.097246562639989875e+00,2.549999999999999822e+00,2.915071013897529539e+01,2.097246562639989875e+00,2.853715506341479724e+01,2.497178796335279394e+00
3.726696773067466211e+02,7.932188916264522049e-01,2.809502803134288840e+01,2.915409319229398122e+01,2.096812144889617979e+00,2.550000000000000266e+00,2.915409319229398122e+01,2.096812144889617979e+00,2.853924637561512512e+01,2.497073476804352765e+00
3.734628961983730733e+02,7.932188916264522049e-01,2.809576848225692913e+01,2.915747988912670507e+01,2.096378284516283941e+00,2.549999999999999822e+00,2.915747988912670507e+01,2.096378284516283941e+00,2.854134101976686466e+01,2.496968179614940109e+00
3.742561150899995255e+02,7.932188916264522049e-01,2.809651232538614352e+01,2.916087015074312205e+01,2.095944979710424150e+00,2.549999999999999822e+00,2.916087015074312205e+01,2.095944979710424150e+00,2.854343899251799854e+01,2.496862904738792022e+00
3.752430667323665716e+02,9.869516423670461336e-01,2.809744258802142269e+01,2.916509330735577166e+01,2.095406619151842342e+00,2.549999999999999822e+00,2.916509330735577166e+01,2.095406619151842342e+00,2.854605400848886632e+01,2.496731949040034149e+00
3.762300183747336177e+02,9.869516423670461336e-01,2.809837812507561594e+01,2.916932175099370639e+01,2.094869112454087468e+00,2.550000000000000266e+00,2.916932175099370639e+01,2.094869112454087468e+00,2.854867416627779875e+01,2.496601027787340943e+00
3.772169700171006639e+02,9.869516423670461336e-01,2.809931894909392724e+01,2.917355537284999656e+01,2.094332456199505366e+00,2.549999999999999822e+00,2.917355537284999656e+01,2.094332456199505366e+00,2.855129945983117778e+01,2.496470140926886128e+00
3.782039216594677100e+02,9.869516423670461336e-01,2.810026507252023009e+01,2.917779407528977131e+01,2.093796646994485311e+00,2.549999999999999822e+00,2.917779407528977131e+01,2.093796646994485311e+00,2.855392988321379022e+01,2.496339288405056589e+00
3.791908733018347561e+02,9.869516423670461336e-01,2.810121650768822477e+01,2.918203777030628032e+01,2.093261681469028357e+00,2.549999999999999822e+00,2.918203777030628032e+01,2.093261681469028357e+00,2.855656543059727426e+01,2.496208470168459037e+00
3.804165363028150750e+02,1.225663000980318884e+00,2.810240547651880405e+01,2.918731470746200429e+01,2.092598494672791354e+00,2.549999999999999822e+00,2.918731470746200429e+01,2.092598494672791354e+00,2.855984555504695521e+01,2.496046058921052246e+00
3.816421993037953939e+02,1.225663000980318884e+00,2.810360267925098299e+01,2.919259908506208134e+01,2.091936597507462192e+00,2.549999999999999822e+00,2.919259908506208134e+01,2.091936597507462192e+00,2.856313356228496403e+01,2.495883700366089197e+00
3.828678623047757128e+02,1.225663000980318884e+00,2.810480813867892635e+01,2.919789078048150799e+01,2.091275983665491278e+00,2.549999999999999822e+00,2.919789078048150799e+01,2.091275983665491278e+00,2.856642944170678788e+01,2.495721394402655058e+00
3.840935253057560317e+02,1.225663000980318884e+00,2.810602187724884260e+01,2.920318968354161626e+01,2.090616646891815034e+00,2.550000000000000266e+00,2.920318968354161626e+01,2.090616646891815034e+00,2.856973318287507979e+01,2.495559140930327935e+00
3.853191883067363506e+02,1.225663000980318884e+00,2.810724391703810454e+01,2.920849569480678198e+01,2.089958580983041436e+00,2.550000000000000266e+00,2.920849569480678198e+01,2.089958580983041436e+00,2.857304477550349020e+01,2.495396939849175766e+00
3.865448513077166695e+02,1.225663000980318884e+00,2.810847427973516588e+01,2.921380872408520446e+01,2.089301779786657765e+00,2.550000000000000266e+00,2.921380872408520446e+01,2.089301779786657765e+00,2.857636420944209021e+01,2.495234791059750545e+00
3.883468247529761470e+02,1.801973445259477558e+00,2.811029832043487175e+01,2.922163252862948113e+01,2.088338432406768419e+00,2.550000000000000266e+00,2.922163252862948113e+01,2.088338432406768419e+00,2.858125866885448474e+01,2.494996494166055623e+00
3.901487981982356246e+02,1.801973445259477558e+00,2.811214046292676016e+01,2.922947109186195291e+01,2.087377786319944750e+00,2.550000000000000266e+00,2.922947109186195291e+01,2.087377786319944750e+00,2.858617002415932618e+01,2.494758309774314675e+00
3.919507716434951021e+02,1.801973445259477558e+00,2.811400077105888684e+01,2.923732420628041240e+01,2.086419822553695180e+00,2.549999999999999822e+00,2.923732420628041240e+01,2.086419822553695180e+00,2.859109824439362058e+01,2.494520237574093358e+00
3.937527450887545797e+02,1.801973445259477558e+00,2.811587930648923361e+01,2.924519168729614904e+01,2.085464522357765027e+00,2.550000000000000266e+00,2.924519168729614904e+01,2.085464522357765027e+00,2.859604329900851738e+01,2.494282277257131586e+00
3.955547185340140572e+02,1.801973445259477558e+00,2.811777612860238662e+01,2.925307336967910032e+01,2.084511867200071755e+00,2.550000000000000266e+00,2.925307336967910032e+01,2.084511867200071755e+00,2.860100515782531616e+01,2.494044428517320000e+00
3.973566919792735348e+02,1.801973445259477558e+00,2.811969129443768978e+01,2.926096910451446576e+01,2.083561838762784113e+00,2.550000000000000266e+00,2.926096910451446576e+01,2.083561838762784113e+00,2.860598379099697652e+01,2.493806691050676871e+00
3.995840216142051986e+02,2.227329634931663804e+00,2.812208396661214138e+01,2.927074784859540912e+01,2.082391158907622497e+00,2.549999999999999822e+00,2.927074784859540912e+01,2.082391158907622497e+00,2.861216076856726787e+01,2.493512988930284280e+00
4.018113512491368624e+02,2.227329634931663804e+00,2.812450484599100164e+01,2.928054762677527734e+01,2.081224430798767511e+00,2.549999999999999822e+00,2.928054762677527734e+01,2.081224430798767511e+00,2.861836327397730173e+01,2.493219455788469485e+00
4.040386808840685262e+02,2.227329634931663804e+00,2.812695402474053097e+01,2.929036823247372467e+01,2.080061621150044449e+00,2.549999999999999822e+00,2.929036823247372467e+01,2.080061621150044449e+00,2.862459125256375003e+01,2.492926091064292748e+00
4.062660105190001900e+02,2.227329634931663804e+00,2.812943158914996289e+01,2.930020947909772389e+01,2.078902697138554245e+00,2.549999999999999822e+00,2.930020947909772389e+01,2.078902697138554245e+00,2.863084465017697156e+01,2.492632894201525673e+00
4.084933401539318538e+02,2.227329634931663804e+00,2.813193761961425921e+01,2.931007119697803631e+01,2.077747626395321401e+00,2.549999999999999822e+00,2.931007119697803631e+01,2.077747626395321401e+00,2.863712341313281229e+01,2.492339864648585479e+00
4.107206697888635176e+02,2.227329634931663804e+00,2.813447219065288962e+01,2.931995323081045512e+01,2.076596376996233229e+00,2.549999999999999822e+00,2.931995323081045512e+01,2.076596376996233229e+00,2.864342748817088236e+01,2.492047001858474609e+00
4.132206697888635176e+02,2.500000000000000000e+00,2.813735112495182022e+01,2.933106904822570371e+01,2.075308703972502222e+00,2.549999999999999822e+00,2.933106904822570371e+01,2.075308703972502222e+00,2.865053339426630075e+01,2.491718484680167656e+00
4.157206697888635176e+02,2.500000000000000000e+00,2.814026619039200483e+01,2.934221009418447323e+01,2.074025761639894050e+00,2.549999999999999822e+00,2.934221009418447323e+01,2.074025761639894050e+00,2.865767104838817758e+01,2.491390176150509284e+00
4.182206697888635176e+02,2.500000000000000000e+00,2.814321746663971879e+01,2.935337619695898681e+01,2.072747506777518289e+00,2.549999999999999822e+00,2.935337619695898681e+01,2.072747506777518289e+00,2.866484037683305885e+01,2.491062075516054630e+00
4.200000000000000000e+02,1.779330211136482376e+00,2.814534008180156377e+01,2.936133864570609475e+01,2.071840563674115732e+00,2.549999999999999822e+00,2.936133864570609475e+01,2.071840563674115732e+00,2.866996227190656654e+01,2.490828681995040927e+00
4.200000353567846219e+02,3.535678462185387616e-05,2.814534012416247322e+01,2.936133880403129481e+01,2.071840545675672995e+00,2.549999999999999822e+00,2.936133880403129481e+01,2.071840545675672995e+00,2.866996237384178770e+01,2.490828677358357446e+00
4.200000707135692437e+02,3.535678462185387616e-05,2.814534016652339332e+01,2.936133896234425222e+01,2.071840527677231147e+00,2.549999999999999822e+00,2.936133896234425222e+01,2.071840527677231147e+00,2.866996247577700885e+01,2.490828672721672188e+00
4.200004242814154622e+02,3.535678462185387616e-04,2.814534059013320899e+01,2.936134054503585844e+01,2.071840347692908146e+00,2.549999999999999822e+00,2.936134054503585844e+01,2.071840347692908146e+00,2.866996349512935183e+01,2.490828626354832931e+00
4.200007778492616808e+02,3.535678462185387616e-04,2.814534101374373520e+01,2.936134212739127491e+01,2.071840167708685954e+00,2.549999999999999822e+00,2.936134212739127491e+01,2.071840167708685954e+00,2.866996451448176231e+01,2.490828579987998559e+00
4.200043135277238662e+02,3.535678462185387616e-03,2.814534524991141495e+01,2.936135793752035639e+01,2.071838367874795139e+00,2.549999999999999822e+00,2.936135793752035639e+01,2.071838367874795139e+00,2.866997470801273806e+01,2.490828116320001673e+00
4.200078492061860516e+02,3.535678462185387616e-03,2.814534948615016319e+01,2.936137373718763044e+01,2.071836568050242189e+00,2.549999999999999822e+00,2.936137373718763044e+01,2.071836568050242189e+00,2.866998490155156176e+01,2.490827652652410240e+00
4.200161172849400941e+02,8.268078754042562650e-03,2.814535939271950582e+01,2.936141065806167205e+01,2.071832359246834621e+00,2.549999999999999822e+00,2.936141065806167205e+01,2.071832359246834621e+00,2.867000873886635404e+01,2.490826568380987815e+00
4.200243853636941367e+02,8.268078754042562650e-03,2.814536929966962120e+01,2.936144754610169727e+01,2.071828150492771581e+00,2.549999999999999822e+00,2.936144754610169727e+01,2.071828150492771581e+00,2.867003257622366874e+01,2.490825484111733434e+00
4.200326534424481792e+02,8.268078754042562650e-03,2.814537920701229368e+01,2.936148440749417077e+01,2.071823941789365797e+00,2.549999999999999822e+00,2.936148440749417077e+01,2.071823941789365797e+00,2.867005641362506907e+01,2.490824399844713266e+00
4.200477835743020592e+02,1.513013185387990234e-02,2.814539733793106535e+01,2.936155180367369155e+01,2.071816240224103822e+00,2.549999999999999822e+00,2.936155180367369155e+01,2.071816240224103822e+00,2.867010003488142189e+01,2.490822415701200221e+00
4.200629137061559391e+02,1.513013185387990234e-02,2.814541547018375311e+01,2.936161913772974330e+01,2.071808538830124835e+00,2.549999999999999822e+00,2.936161913772974330e+01,2.071808538830124835e+00,2.867014365628958927e+01,2.490820431565279325e+00
4.200780438380098190e+02,1.513013185387990234e-02,2.814543360376938708e+01,2.936168641786906974e+01,2.071800837607050916e+00,2.549999999999999822e+00,2.936168641786906974e+01,2.071800837607050916e+00,2.867018727785053400e+01,2.490818447436942584e+00
4.200931739698636989e+02,1.513013185387990234e-02,2.814545173868561889e+01,2.936175364941506771e+01,2.071793136554417991e+00,2.549999999999999822e+00,2.936175364941506771e+01,2.071793136554417991e+00,2.867023089956491333e+01,2.490816463316178453e+00
4.201182463014069981e+02,2.507233154329924218e-02,2.814548179321210597e+01,2.936186496326758544e+01,2.071780375418211584e+00,2.549999999999999822e+00,2.936186496326758544e+01,2.071780375418211584e+00,2.867030318599557148e+01,2.490813175421403347e+00
4.201433186329502973e+02,2.507233154329924218e-02,2.814551185139161760e+01,2.936197616983643854e+01,2.071767614749083553e+00,2.549999999999999822e+00,2.936197616983643854e+01,2.071767614749083553e+00,2.867037547285299937e+01,2.490809887547413393e+00
4.201683909644935966e+02,2.507233154329924218e-02,2.814554191322503485e+01,2.936208727957335896e+01,2.071754854546788760e+00,2.549999999999999822e+00,2.936208727957335896e+01,2.071754854546788760e+00,2.867044776014031982e+01,2.490806599694213475e+00
4.201934632960368958e+02,2.507233154329924218e-02,2.814557197871286220e+01,2.936219830004432296e+01,2.071742094811117596e+00,2.549999999999999822e+00,2.936219830004432296e+01,2.071742094811117596e+00,2.867052004786027553e+01,2.490803311861803593e+00
4.202357463097694676e+02,4.228301373257181694e-02,2.814562269066940203e+01,2.936238534326751903e+01,2.071720577323169277e+00,2.549999999999999822e+00,2.936238534326751903e+01,2.071720577323169277e+00,2.867064195783877167e+01,2.490797767172753030e+00
4.202780293235020395e+02,4.228301373257181694e-02,2.814567341301962600e+01,2.936257217339956327e+01,2.071699061160789501e+00,2.549999999999999822e+00,2.936257217339956327e+01,2.071699061160789501e+00,2.867076386906598984e+01,2.490792222542828060e+00
4.203203123372346113e+02,4.228301373257181694e-02,2.814572414576366199e+01,2.936275880856655363e+01,2.071677546323221542e+00,2.549999999999999822e+00,2.936275880856655363e+01,2.071677546323221542e+00,2.867088578155205525e+01,2.490786677972021579e+00
4.203625953509671831e+02,4.228301373257181694e-02,2.814577488890174095e+01,2.936294526263705862e+01,2.071656032809848558e+00,2.549999999999999822e+00,2.936294526263705862e+01,2.071656032809848558e+00,2.867100769530624760e+01,2.490781133460331365e+00
4.204239229211940483e+02,6.132757022686519122e-02,2.814584850556506268e+01,2.936321539733201291e+01,2.071624831816061274e+00,2.549999999999999822e+00,2.936321539733201291e+01,2.071624831816061274e+00,2.867118452211412816e+01,2.490773091767972680e+00
4.204852504914209135e+02,6.132757022686519122e-02,2.814592214409568527e+01,2.936348520350591329e+01,2.071593633605381957e+00,2.549999999999999822e+00,2.936348520350591329e+01,2.071593633605381957e+00,2.867136135163252675e+01,2.490765050199956754e+00
4.205465780616477787e+02,6.132757022686519122e-02,2.814599580449450400e+01,2.936375470439002200e+01,2.071562438176513865e+00,2.549999999999999822e+00,2.936375470439002200e+01,2.071562438176513865e+00,2.867153818388429087e+01,2.490757008756271595e+00
4.206079056318746439e+02,6.132757022686519122e-02,2.814606948676239639e+01,2.936402391879932594e+01,2.071531245528288601e+00,2.549999999999999822e+00,2.936402391879932594e+01,2.071531245528288601e+00,2.867171501889065865e+01,2.490748967436909211e+00
4.206971616370117886e+02,8.925600513714471163e-02,2.814617676284343162e+01,2.936441525358508997e+01,2.071485852785758475e+00,2.549999999999999822e+00,2.936441525358508997e+01,2.071485852785758475e+00,2.867197238911653656e+01,2.490737264341252200e+00
4.207864176421489333e+02,8.925600513714471163e-02,2.814628408525166847e+01,2.936480605585177983e+01,2.071440465927753216e+00,2.549999999999999822e+00,2.936480605585177983e+01,2.071440465927753216e+00,2.867222976527706635e+01,2.490725561508873476e+00
4.208756736472860780e+02,8.925600513714471163e-02,2.814639145398977149e+01,2.936519635934547523e+01,2.071395084951384913e+00,2.549999999999999822e+00,2.936519635934547523e+01,2.071395084951384913e+00,2.867248714742606097e+01,2.490713858939739289e+00
4.209649296524232227e+02,8.925600513714471163e-02,2.814649886906039811e+01,2.936558619288326710e+01,2.071349709853913978e+00,2.549999999999999822e+00,2.936558619288326710e+01,2.071349709853913978e+00,2.867274453561412528e+01,2.490702156633816333e+00
4.210541856575603674e+02,8.925600513714471163e-02,2.814660633046619154e+01,2.936597558117769324e+01,2.071304340632720731e+00,2.549999999999999822e+00,2.936597558117769324e+01,2.071304340632720731e+00,2.867300192988919960e+01,2.490690454591069969e+00
4.211947685275908952e+02,1.405828700305278289e-01,2.814677568176353972e+01,2.936658803613027047e+01,2.071232893650215345e+00,2.549999999999999822e+00,2.936658803613027047e+01,2.071232893650215345e+00,2.867340735176970057e+01,2.490672023796154821e+00
4.213353513976214231e+02,1.405828700305278289e-01,2.814694514802539871e+01,2.936719950960721093e+01,2.071161461229822809e+00,2.549999999999999822e+00,2.936719950960721093e+01,2.071161461229822809e+00,2.867381278903047814e+01,2.490653593653914033e+00
4.214759342676519509e+02,1.405828700305278289e-01,2.814711472926189373e+01,2.936781006070252786e+01,2.071090043362426858e+00,2.549999999999999822e+00,2.936781006070252786e+01,2.071090043362426858e+00,2.867421824182805778e+01,2.490635164164213933e+00
4.216165171376824787e+02,1.405828700305278289e-01,2.814728442548306830e+01,2.936841974029300673e+01,2.071018640039159031e+00,2.549999999999999822e+00,2.936841974029300673e+01,2.071018640039159031e+00,2.867462371031018620e+01,2.490616735326924402e+00
4.217571000077130066e+02,1.405828700305278289e-01,2.814745423669889135e+01,2.936902859256160525e+01,2.070947251251353816e+00,2.549999999999999822e+00,2.936902859256160525e+01,2.070947251251353816e+00,2.867502919461687938e+01,2.490598307141914880e+00
4.219490879038114599e+02,1.919878960984533478e-01,2.814768632624547351e+01,2.936985880854727782e+01,2.070849782160736563e+00,2.549999999999999822e+00,2.936985880854727782e+01,2.070849782160736563e+00,2.867558297265775025e+01,2.490573141626543752e+00
4.221410757999099133e+02,1.919878960984533478e-01,2.814791863030245622e+01,2.937068763808181515e+01,2.070752340141955639e+00,2.549999999999999822e+00,2.937068763808181515e+01,2.070752340141955639e+00,2.867613678078084760e+01,2.490547977327110196e+00
4.223330636960083666e+02,1.919878960984533478e-01,2.814815114889452374e+01,2.937151515435055060e+01,2.070654925174153060e+00,2.549999999999999822e+00,2.937151515435055060e+01,2.070654925174153060e+00,2.867669061928960517e+01,2.490522814243281591e+00
4.225250515921068200e+02,1.919878960984533478e-01,2.814838388204607966e+01,2.937234142162874306e+01,2.070557537236755508e+00,2.549999999999999822e+00,2.937234142162874306e+01,2.070557537236755508e+00,2.867724448847225460e+01,2.490497652374724424e+00
4.227170394882052733e+02,1.919878960984533478e-01,2.814861682978126467e+01,2.937316649679260649e+01,2.070460176309427691e+00,2.549999999999999822e+00,2.937316649679260649e+01,2.070460176309427691e+00,2.867779838860356278e+01,2.490472491721108295e+00
4.229764850769666396e+02,2.594455887613662526e-01,2.814893196800170116e+01,2.937427966912807165e+01,2.070328649105267260e+00,2.549999999999999822e+00,2.937427966912807165e+01,2.070328649105267260e+00,2.867854695910181562e+01,2.490438492441731988e+00
4.232359306657280058e+02,2.594455887613662526e-01,2.814924749819334338e+01,2.937539086640282093e+01,2.070197171140585546e+00,2.549999999999999822e+00,2.937539086640282093e+01,2.070197171140585546e+00,2.867929558721362326e+01,2.490404495379638483e+00
4.234953762544893721e+02,2.594455887613662526e-01,2.814956342041344328e+01,2.937650018500071525e+01,2.070065742366678396e+00,2.549999999999999822e+00,2.937650018500071525e+01,2.070065742366678396e+00,2.868004427352456887e+01,2.490370500534010212e+00
4.237548218432507383e+02,2.594455887613662526e-01,2.814987973471837179e+01,2.937760771062047027e+01,2.069934362735227129e+00,2.549999999999999822e+00,2.937760771062047027e+01,2.069934362735227129e+00,2.868079301859285835e+01,2.490336507904031382e+00
4.240142674320121046e+02,2.594455887613662526e-01,2.815019644116361874e+01,2.937871351998553848e+01,2.069803032198247017e+00,2.549999999999999822e+00,2.937871351998553848e+01,2.069803032198247017e+00,2.868154182295222654e+01,2.490302517488886647e+00
4.243519178068043516e+02,3.376503747922470211e-01,2.815060919990715504e+01,2.938015019685035867e+01,2.069632188089890246e+00,2.549999999999999822e+00,2.938015019685035867e+01,2.069632188089890246e+00,2.868251642933848444e+01,2.490258284645050946e+00
4.246895681815965986e+02,3.376503747922470211e-01,2.815102262303763325e+01,2.938158421920258334e+01,2.069461426948667082e+00,2.549999999999999822e+00,2.938158421920258334e+01,2.069461426948667082e+00,2.868349113808924145e+01,2.490214055549351713e+00
4.250272185563888456e+02,3.376503747922470211e-01,2.815143671067077591e+01,2.938301570782200756e+01,2.069290748670763680e+00,2.549999999999999822e+00,2.938301570782200756e+01,2.069290748670763680e+00,2.868446595023070600e+01,2.490169830199996603e+00
4.253648689311810926e+02,3.376503747922470211e-01,2.815185146291985063e+01,2.938444477129189281e+01,2.069120153152926633e+00,2.549999999999999822e+00,2.938444477129189281e+01,2.069120153152926633e+00,2.868544086674413762e+01,2.490125608595196383e+00
4.257025193059733397e+02,3.376503747922470211e-01,2.815226687989568788e+01,2.938587150781204116e+01,2.068949640292407910e+00,2.549999999999999822e+00,2.938587150781204116e+01,2.068949640292407910e+00,2.868641588857015989e+01,2.490081390733164479e+00
4.261301180608513164e+02,4.275987548779767167e-01,2.815279391598961212e+01,2.938767511928110920e+01,2.068733822113848930e+00,2.549999999999999822e+00,2.938767511928110920e+01,2.068733822113848930e+00,2.868765080390031486e+01,2.490025398821030578e+00
4.265577168157292931e+02,4.275987548779767167e-01,2.815332201853164307e+01,2.938947530512158579e+01,2.068518136126714424e+00,2.549999999999999822e+00,2.938947530512158579e+01,2.068518136126714424e+00,2.868888589133050360e+01,2.489969412904899926e+00
4.269853155706072698e+02,4.275987548779767167e-01,2.815385118773030726e+01,2.939127221249227162e+01,2.068302582125234768e+00,2.549999999999999822e+00,2.939127221249227162e+01,2.068302582125234768e+00,2.869012115254032125e+01,2.489913432981159414e+00
4.274129143254852465e+02,4.275987548779767167e-01,2.815438142378808450e+01,2.939306597493605366e+01,2.068087159904547612e+00,2.549999999999999822e+00,2.939306597493605366e+01,2.068087159904547612e+00,2.869135658913954856e+01,2.489857459046199040e+00
4.278405130803632233e+02,4.275987548779767167e-01,2.815491272690144342e+01,2.939485671425867963e+01,2.067871869260641926e+00,2.549999999999999822e+00,2.939485671425867963e+01,2.067871869260641926e+00,2.869259220267428034e+01,2.489801491096415020e+00
4.283698982590855167e+02,5.293851787222934036e-01,2.815557198099977398e+01,2.939706970256367313e+01,2.067605512402895585e+00,2.549999999999999822e+00,2.939706970256367313e+01,2.067605512402895585e+00,2.869412219135928055e+01,2.489732208715481399e+00
4.288992834378078101e+02,5.293851787222934036e-01,2.815623287126585339e+01,2.939927842062129315e+01,2.067339356523766547e+00,2.549999999999999822e+00,2.939927842062129315e+01,2.067339356523766547e+00,2.869565245622814231e+01,2.489662935495985607e+00
4.294286686165301035e+02,5.293851787222934036e-01,2.815689539803506847e+01,2.940148304363534848e+01,2.067073401240964614e+00,2.549999999999999822e+00,2.940148304363534848e+01,2.067073401240964614e+00,2.869718299987576771e+01,2.489593671431122868e+00
4.299580537952523969e+02,5.293851787222934036e-01,2.815755956162932705e+01,2.940368373186947792e+01,2.066807646173810298e+00,2.549999999999999822e+00,2.940368373186947792e+01,2.066807646173810298e+00,2.869871382479369970e+01,2.489524416514102612e+00
4.304874389739746903e+02,5.293851787222934036e-01,2.815822536235722495e+01,2.940588063256466711e+01,2.066542090943169541e+00,2.549999999999999822e+00,2.940588063256466711e+01,2.066542090943169541e+00,2.870024493337839999e+01,2.489455170738148926e+00
4.311459390441800679e+02,6.585000702053775967e-01,2.815905583438035009e+01,2.940860826634610703e+01,2.066212046191501006e+00,2.549999999999999822e+00,2.940860826634610703e+01,2.066212046191501006e+00,2.870214987247534921e+01,2.489369048946084462e+00
4.318044391143854455e+02,6.585000702053775967e-01,2.815988884049972540e+01,2.941133048884686829e+01,2.065882309334395650e+00,2.550000000000000266e+00,2.941133048884686829e+01,2.065882309334395650e+00,2.870405525831873206e+01,2.489282941274325811e+00
4.324629391845908231e+02,6.585000702053775967e-01,2.816072438122547439e+01,2.941404751940441997e+01,2.065552879651510576e+00,2.550000000000000266e+00,2.941404751940441997e+01,2.065552879651510576e+00,2.870596109500151627e+01,2.489196847709913119e+00
4.331214392547962007e+02,6.585000702053775967e-01,2.816156245703769656e+01,2.941675955945290966e+01,2.065223756425762058e+00,2.550000000000000266e+00,2.941675955945290966e+01,2.065223756425762058e+00,2.870786738645428215e+01,2.489110768239914062e+00
4.337799393250015783e+02,6.585000702053775967e-01,2.816240306838695062e+01,2.941946679473814896e+01,2.064894938943248270e+00,2.550000000000000266e+00,2.941946679473814896e+01,2.064894938943248270e+00,2.870977413645786314e+01,2.489024702851431847e+00
4.344384393952069559e+02,6.585000702053775967e-01,2.816324621569478026e+01,2.942216939727803648e+01,2.064566426493175122e+00,2.550000000000000266e+00,2.942216939727803648e+01,2.064566426493175122e+00,2.871168134865489208e+01,2.488938651531593660e+00
4.354021739493561540e+02,9.637345541491981749e-01,2.816448475945240659e+01,2.942611671551522434e+01,2.064086187111139115e+00,2.549999999999999822e+00,2.942611671551522434e+01,2.064086187111139115e+00,2.871447345125931605e+01,2.488812738185653739e+00
4.363659085035053522e+02,9.637345541491981749e-01,2.816572873699048429e+01,2.943005491202525192e+01,2.063606597361683725e+00,2.549999999999999822e+00,2.943005491202525192e+01,2.063606597361683725e+00,2.871726656191279048e+01,2.488686854905988177e+00
4.373296430576545504e+02,9.637345541491981749e-01,2.816697814930824251e+01,2.943398440582596010e+01,2.063127655051099296e+00,2.549999999999999822e+00,2.943398440582596010e+01,2.063127655051099296e+00,2.872006069068410739e+01,2.488561001652598303e+00
4.382933776118037486e+02,9.637345541491981749e-01,2.816823299728310914e+01,2.943790557962967824e+01,2.062649357998826982e+00,2.549999999999999822e+00,2.943790557962967824e+01,2.062649357998826982e+00,2.872285584718917661e+01,2.488435178385615121e+00
4.392571121659529467e+02,9.637345541491981749e-01,2.816949328167398292e+01,2.944181878467735913e+01,2.062171704037221609e+00,2.549999999999999822e+00,2.944181878467735913e+01,2.062171704037221609e+00,2.872565204062881250e+01,2.488309385065309520e+00
4.402208467201021449e+02,9.637345541491981749e-01,2.817075900312449122e+01,2.944572434491426449e+01,2.061694691011335845e+00,2.549999999999999822e+00,2.944572434491426449e+01,2.061694691011335845e+00,2.872844927982254859e+01,2.488183621652080291e+00
4.414060868396149999e+02,1.185240119512855017e+00,2.817232309499804188e+01,2.945051752103712417e+01,2.061108916581123829e+00,2.549999999999999822e+00,2.945051752103712417e+01,2.061108916581123829e+00,2.873189088522217460e+01,2.488028993619120666e+00
4.425913269591278549e+02,1.185240119512855017e+00,2.817389541203115755e+01,2.945530010146315192e+01,2.060524104372272181e+00,2.549999999999999822e+00,2.945530010146315192e+01,2.060524104372272181e+00,2.873533410019821943e+01,2.487874410688045934e+00
4.437765670786407100e+02,1.185240119512855017e+00,2.817547595474707833e+01,2.946007255888288157e+01,2.059940250452850119e+00,2.549999999999999822e+00,2.946007255888288157e+01,2.059940250452850119e+00,2.873877893914465531e+01,2.487719872786018360e+00
4.449618071981535650e+02,1.185240119512855017e+00,2.817706472343718005e+01,2.946483532905753577e+01,2.059357350918302298e+00,2.549999999999999822e+00,2.946483532905753577e+01,2.059357350918302298e+00,2.874222541582410173e+01,2.487565379840490642e+00
4.461470473176664200e+02,1.185240119512855017e+00,2.817866171816929466e+01,2.946958881534512642e+01,2.058775401891069112e+00,2.549999999999999822e+00,2.946958881534512642e+01,2.058775401891069112e+00,2.874567354341592562e+01,2.487410931779216572e+00
4.473322874371792750e+02,1.185240119512855017e+00,2.818026693879586375e+01,2.947433339255747597e+01,2.058194399520225648e+00,2.549999999999999822e+00,2.947433339255747597e+01,2.058194399520225648e+00,2.874912333455921498e+01,2.487256528530241706e+00
4.487878813570285388e+02,1.455593919849263784e+00,2.818224956480997534e+01,2.948014853323642015e+01,2.057482159803539545e+00,2.550000000000000266e+00,2.948014853323642015e+01,2.057482159803539545e+00,2.875336231844261192e+01,2.487066967036418497e+00
4.502434752768778026e+02,1.455593919849263784e+00,2.818424459575439656e+01,2.948595136331039157e+01,2.056771335065704864e+00,2.549999999999999822e+00,2.948595136331039157e+01,2.056771335065704864e+00,2.875760385113773054e+01,2.486877472889668539e+00
4.516990691967270664e+02,1.455593919849263784e+00,2.818625203012731717e+01,2.949174243818963959e+01,2.056061918334357586e+00,2.549999999999999822e+00,2.949174243818963959e+01,2.056061918334357586e+00,2.876184795317761811e+01,2.486688045958502347e+00
4.531546631165763301e+02,1.455593919849263784e+00,2.818827186601290791e+01,2.949752227303860153e+01,2.055353902694604606e+00,2.549999999999999822e+00,2.949752227303860153e+01,2.055353902694604606e+00,2.876609464418175222e+01,2.486498686112074807e+00
4.546102570364255939e+02,1.455593919849263784e+00,2.819030410109994733e+01,2.950329134731111935e+01,2.054647281288256799e+00,2.549999999999999822e+00,2.950329134731111935e+01,2.054647281288256799e+00,2.877034394292080677e+01,2.486309393220182518e+00
4.560658509562748577e+02,1.455593919849263784e+00,2.819234873269927988e+01,2.950905010864979872e+01,2.053942047313082941e+00,2.549999999999999822e+00,2.950905010864979872e+01,2.053942047313082941e+00,2.877459586737477792e+01,2.486120167153259342e+00
4.578424613430750583e+02,1.776610386800200558e+00,2.819486108145053294e+01,2.951606553852183268e+01,2.053083151478749091e+00,2.549999999999999822e+00,2.951606553852183268e+01,2.053083151478749091e+00,2.877978909382230910e+01,2.485889299566546917e+00
4.596190717298752588e+02,1.776610386800200558e+00,2.819739188669022312e+01,2.952306693841951812e+01,2.052226300319377028e+00,2.549999999999999822e+00,2.952306693841951812e+01,2.052226300319377028e+00,2.878498628744403121e+01,2.485658531104947055e+00
4.613956821166754594e+02,1.776610386800200558e+00,2.819994114143335295e+01,2.953005496838672883e+01,2.051371481796422369e+00,2.550000000000000266e+00,2.953005496838672883e+01,2.051371481796422369e+00,2.879018747677333323e+01,2.485427861536658067e+00
4.631722925034756599e+02,1.776610386800200558e+00,2.820250883798222929e+01,2.953703024327403170e+01,2.050518683988838298e+00,2.549999999999999822e+00,2.953703024327403170e+01,2.050518683988838298e+00,2.879539268901588756e+01,2.485197290631243394e+00
4.649489028902758605e+02,1.776610386800200558e+00,2.820509496794422688e+01,2.954399333749391232e+01,2.049667895091369374e+00,2.550000000000000266e+00,2.954399333749391232e+01,2.049667895091369374e+00,2.880060195013860280e+01,2.484966818159611623e+00
4.667255132770760611e+02,1.776610386800200558e+00,2.820769952224079802e+01,2.955094478916165812e+01,2.048819103412887532e+00,2.549999999999999822e+00,2.955094478916165812e+01,2.048819103412887532e+00,2.880581528495024557e+01,2.484736443894010716e+00
4.688663029752137845e+02,2.140789698137723462e+00,2.821086243490982426e+01,2.955930643537015357e+01,2.047798958630991706e+00,2.550000000000000266e+00,2.955930643537015357e+01,2.047798958630991706e+00,2.881210272307562192e+01,2.484458976396031193e+00
4.710070926733515080e+02,2.140789698137723462e+00,2.821405206687789757e+01,2.956765273619036449e+01,2.046781676940502059e+00,2.549999999999999822e+00,2.956765273619036449e+01,2.046781676940502059e+00,2.881839615009287670e+01,2.484181650769876182e+00
4.731478823714892314e+02,2.140789698137723462e+00,2.821726839819122645e+01,2.957598446304012185e+01,2.045767238526814857e+00,2.550000000000000266e+00,2.957598446304012185e+01,2.045767238526814857e+00,2.882469560354549998e+01,2.483904466624631713e+00
4.752886720696269549e+02,2.140789698137723462e+00,2.822051140729115914e+01,2.958430233700391554e+01,2.044755623801510325e+00,2.549999999999999822e+00,2.958430233700391554e+01,2.044755623801510325e+00,2.883100111910401964e+01,2.483627423572084769e+00
4.774294617677646784e+02,2.140789698137723462e+00,2.822378107090531429e+01,2.959260703381880475e+01,2.043746813398652939e+00,2.550000000000000266e+00,2.959260703381880475e+01,2.043746813398652939e+00,2.883731273068589118e+01,2.483350521226688201e+00
4.795702514659024018e+02,2.140789698137723462e+00,2.822707736391655686e+01,2.960089918825011424e+01,2.042740788171176991e+00,2.550000000000000266e+00,2.960089918825011424e+01,2.042740788171176991e+00,2.884363047056448437e+01,2.483073759205534081e+00
4.800000000000000000e+02,4.297485340975981671e-01,2.822774227867116181e+01,2.960256232201812310e+01,2.042539169647530350e+00,2.550000000000000266e+00,2.960256232201812310e+01,2.042539169647530350e+00,2.884489945391263177e+01,2.483018218046970205e+00
4.800000352163700086e+02,3.521637000858390820e-05,2.822774233320249593e+01,2.960256245831392619e+01,2.042539153130171314e+00,2.550000000000000266e+00,2.960256245831392619e+01,2.042539153130171314e+00,2.884489955791151417e+01,2.483018213495799653e+00
4.800000704327400172e+02,3.521637000858390820e-05,2.822774238773383360e+01,2.960256259462632755e+01,2.042539136612813611e+00,2.550000000000000266e+00,2.960256259462632755e+01,2.042539136612813611e+00,2.884489966191039656e+01,2.483018208944629546e+00
4.800004225964401030e+02,3.521637000858390820e-04,2.822774293304784976e+01,2.960256395834393572e+01,2.042538971439339157e+00,2.550000000000000266e+00,2.960256395834393572e+01,2.042538971439339157e+00,2.884490070189999855e+01,2.483018163432931580e+00
4.800007747601401888e+02,3.521637000858390820e-04,2.822774347836256936e+01,2.960256532251733930e+01,2.042538806265963292e+00,2.550000000000000266e+00,2.960256532251733930e+01,2.042538806265963292e+00,2.884490174189050649e+01,2.483018117921237167e+00
4.800039638584925115e+02,3.189098352322616847e-03,2.822774841663463263e+01,2.960257769152886453e+01,2.042537310507075876e+00,2.550000000000000266e+00,2.960257769152886453e+01,2.042537310507075876e+00,2.884491115982506670e+01,2.483017705780020901e+00
4.800071529568448341e+02,3.189098352322616847e-03,2.822775335496443461e+01,2.960259007266670750e+01,2.042535814754846246e+00,2.550000000000000266e+00,2.960259007266670750e+01,2.042535814754846246e+00,2.884492057783273822e+01,2.483017293639109280e+00
4.800143810983892081e+02,7.228141544374011573e-03,2.822776454795951651e+01,2.960261816373376220e+01,2.042532424630528531e+00,2.550000000000000266e+00,2.960261816373376220e+01,2.042532424630528531e+00,2.884494192413940894e+01,2.483016359516271532e+00
4.800216092399335821e+02,7.228141544374011573e-03,2.822777574124477340e+01,2.960264629103735956e+01,2.042529034538322907e+00,2.550000000000000266e+00,2.960264629103735956e+01,2.042529034538322907e+00,2.884496327081316025e+01,2.483015425394961007e+00
4.800288373814779561e+02,7.228141544374011573e-03,2.822778693482945300e+01,2.960267444798469683e+01,2.042525644478832003e+00,2.550000000000000266e+00,2.960267444798469683e+01,2.042525644478832003e+00,2.884498461786544965e+01,2.483014491275229219e+00
4.800420236514025873e+02,1.318626992463123315e-02,2.822780735601854474e+01,2.960272587918098708e+01,2.042519460090983063e+00,2.550000000000000266e+00,2.960272587918098708e+01,2.042519460090983063e+00,2.884502356218975194e+01,2.483012787168402458e+00
4.800552099213272186e+02,1.318626992463123315e-02,2.822782777821923261e+01,2.960277737961094857e+01,2.042513275811978612e+00,2.550000000000000266e+00,2.960277737961094857e+01,2.042513275811978612e+00,2.884506250779100611e+01,2.483011083066904767e+00
4.800683961912518498e+02,1.318626992463123315e-02,2.822784820143074924e+01,2.960282894021923639e+01,2.042507091641244443e+00,2.550000000000000266e+00,2.960282894021923639e+01,2.042507091641244443e+00,2.884510145466719067e+01,2.483009378970732595e+00
4.800815824611764810e+02,1.318626992463123315e-02,2.822786862565125787e+01,2.960288055513025895e+01,2.042500907578267633e+00,2.550000000000000266e+00,2.960288055513025895e+01,2.042500907578267633e+00,2.884514040281511882e+01,2.483007674879874838e+00
4.801032016372179783e+02,2.161917604149721228e-02,2.822790211378739755e+01,2.960296528499982571e+01,2.042490768905153242e+00,2.550000000000000266e+00,2.960296528499982571e+01,2.042490768905153242e+00,2.884520426189914488e+01,2.483004880997387254e+00
4.801248208132594755e+02,2.161917604149721228e-02,2.822793560463498252e+01,2.960305013282230036e+01,2.042480630520074225e+00,2.550000000000000266e+00,2.960305013282230036e+01,2.042480630520074225e+00,2.884526812439546362e+01,2.483002087129182467e+00
4.801464399893009727e+02,2.161917604149721228e-02,2.822796909819461320e+01,2.960313508738891386e+01,2.042470492422468364e+00,2.550000000000000266e+00,2.960313508738891386e+01,2.042470492422468364e+00,2.884533199030198247e+01,2.482999293275263142e+00
4.801680591653424699e+02,2.161917604149721228e-02,2.822800259446658089e+01,2.960322014054705519e+01,2.042460354611909779e+00,2.550000000000000266e+00,2.960322014054705519e+01,2.042460354611909779e+00,2.884539585961655206e+01,2.482996499435631499e+00
4.802043759834729713e+02,3.631681813050136043e-02,2.822805886904416894e+01,2.960336322133207076e+01,2.042443325328516135e+00,2.549999999999999822e+00,2.960336322133207076e+01,2.042443325328516135e+00,2.884550315769181594e+01,2.482991806256278799e+00
4.802406928016034726e+02,3.631681813050136043e-02,2.822811515127524018e+01,2.960350653672469434e+01,2.042426296852609013e+00,2.549999999999999822e+00,2.960350653672469434e+01,2.042426296852609013e+00,2.884561046536668627e+01,2.482987113117237410e+00
4.802770096197339740e+02,3.631681813050136043e-02,2.822817144115953525e+01,2.960365006732352100e+01,2.042409269183033782e+00,2.549999999999999822e+00,2.960365006732352100e+01,2.042409269183033782e+00,2.884571778263137531e+01,2.482982420018506886e+00
4.803133264378644753e+02,3.631681813050136043e-02,2.822822773869687651e+01,2.960379379824439283e+01,2.042392242318888496e+00,2.549999999999999822e+00,2.960379379824439283e+01,2.042392242318888496e+00,2.884582510947702261e+01,2.482977726960083231e+00
4.803658055018834716e+02,5.247906401899626871e-02,2.822830910411380856e+01,2.960400182346681675e+01,2.042367639329930817e+00,2.549999999999999822e+00,2.960400182346681675e+01,2.042367639329930817e+00,2.884598021740686136e+01,2.482970945398804918e+00
4.804182845659024679e+02,5.247906401899626871e-02,2.822839048551059093e+01,2.960421021152249210e+01,2.042343038019348800e+00,2.549999999999999822e+00,2.960421021152249210e+01,2.042343038019348800e+00,2.884613534530267742e+01,2.482964163921683731e+00
4.804707636299214641e+02,5.247906401899626871e-02,2.822847188288681863e+01,2.960441893797333179e+01,2.042318438385544610e+00,2.549999999999999822e+00,2.960441893797333179e+01,2.042318438385544610e+00,2.884629049314304439e+01,2.482957382528715673e+00
4.805232426939404604e+02,5.247906401899626871e-02,2.822855329624205467e+01,2.960462798224710212e+01,2.042293840427127805e+00,2.549999999999999822e+00,2.960462798224710212e+01,2.042293840427127805e+00,2.884644566090774376e+01,2.482950601219892750e+00
4.805757217579594567e+02,5.247906401899626871e-02,2.822863472557585141e+01,2.960483732704528137e+01,2.042269244142883799e+00,2.549999999999999822e+00,2.960483732704528137e+01,2.042269244142883799e+00,2.884660084857772588e+01,2.482943819995212298e+00
4.806650343909323055e+02,8.931263297284885994e-02,2.822877334458857135e+01,2.960519425483201061e+01,2.042227388269349575e+00,2.549999999999999822e+00,2.960519425483201061e+01,2.042227388269349575e+00,2.884686500379249097e+01,2.482932279414389320e+00
4.807543470239051544e+02,8.931263297284885994e-02,2.822891200987771754e+01,2.960555195080009128e+01,2.042185537237139581e+00,2.549999999999999822e+00,2.960555195080009128e+01,2.042185537237139581e+00,2.884712921652488404e+01,2.482920739077225658e+00
4.808436596568780033e+02,8.931263297284885994e-02,2.822905072144116900e+01,2.960591036582345126e+01,2.042143691042233034e+00,2.549999999999999822e+00,2.960591036582345126e+01,2.042143691042233034e+00,2.884739348669728187e+01,2.482909198983694221e+00
4.809329722898508521e+02,8.931263297284885994e-02,2.822918947927679056e+01,2.960626945824879996e+01,2.042101849681016823e+00,2.550000000000000266e+00,2.960626945824879996e+01,2.042101849681016823e+00,2.884765781423662290e+01,2.482897659133765700e+00
4.810222849228237010e+02,8.931263297284885994e-02,2.822932828338243993e+01,2.960662919248764879e+01,2.042060013150203357e+00,2.549999999999999822e+00,2.960662919248764879e+01,2.042060013150203357e+00,2.884792219907381394e+01,2.482886119527413893e+00
4.811475409198112629e+02,1.252559969875619572e-01,2.822952302635993505e+01,2.960713472307080707e+01,2.042001347875971984e+00,2.549999999999999822e+00,2.960713472307080707e+01,2.042001347875971984e+00,2.884829308049520691e+01,2.482869936282037671e+00
4.812727969167988249e+02,1.252559969875619572e-01,2.822971786033344799e+01,2.960764138456885064e+01,2.041942692088883682e+00,2.550000000000000266e+00,2.960764138456885064e+01,2.041942692088883682e+00,2.884866407431303159e+01,2.482853753515607664e+00
4.813980529137863869e+02,1.252559969875619572e-01,2.822991278529700310e+01,2.960814911618707868e+01,2.041884045781901857e+00,2.549999999999999822e+00,2.960814911618707868e+01,2.041884045781901857e+00,2.884903518036595571e+01,2.482837571228050155e+00
4.815233089107739488e+02,1.252559969875619572e-01,2.823010780124459629e+01,2.960865786511678266e+01,2.041825408948426457e+00,2.549999999999999822e+00,2.960865786511678266e+01,2.041825408948426457e+00,2.884940639850078270e+01,2.482821389419288316e+00
4.816485649077615108e+02,1.252559969875619572e-01,2.823030290817019150e+01,2.960916758513599589e+01,2.041766781582214474e+00,2.549999999999999822e+00,2.960916758513599589e+01,2.041766781582214474e+00,2.884977772857148537e+01,2.482805208089246207e+00
4.818235969937747996e+02,1.750320860132887901e-01,2.823057570196613142e+01,2.960988141533098528e+01,2.041684871849123617e+00,2.549999999999999822e+00,2.960988141533098528e+01,2.041684871849123617e+00,2.885029681053716999e+01,2.482782597183601503e+00
4.819986290797880883e+02,1.750320860132887901e-01,2.823084867338747728e+01,2.961059696625336102e+01,2.041602980575885073e+00,2.549999999999999822e+00,2.961059696625336102e+01,2.041602980575885073e+00,2.885081611044675753e+01,2.482759987212403097e+00
4.821736611658013771e+02,1.750320860132887901e-01,2.823112182241749579e+01,2.961131415445040460e+01,2.041521107747799935e+00,2.550000000000000266e+00,2.961131415445040460e+01,2.041521107747799935e+00,2.885133562795606466e+01,2.482737378175444043e+00
4.823486932518146659e+02,1.750320860132887901e-01,2.823139514903934710e+01,2.961203290646500008e+01,2.041439253350718630e+00,2.549999999999999822e+00,2.961203290646500008e+01,2.041439253350718630e+00,2.885185536273682416e+01,2.482714770072518728e+00
4.825237253378279547e+02,1.750320860132887901e-01,2.823166865323608477e+01,2.961275315714434342e+01,2.041357417370952110e+00,2.549999999999999822e+00,2.961275315714434342e+01,2.041357417370952110e+00,2.885237531447475590e+01,2.482692162903420652e+00
4.827572076005454846e+02,2.334822627175299203e-01,2.823203376776030282e+01,2.961371616122724149e+01,2.041248281748581750e+00,2.549999999999999822e+00,2.961371616122724149e+01,2.041248281748581750e+00,2.885306923599268103e+01,2.482662007754496525e+00
4.829906898632630146e+02,2.334822627175299203e-01,2.823239919818932719e+01,2.961468160731061516e+01,2.041139178843589530e+00,2.549999999999999822e+00,2.961468160731061516e+01,2.041139178843589530e+00,2.885376354234288598e+01,2.482631854266363014e+00
4.832241721259805445e+02,2.334822627175299203e-01,2.823276494448204588e+01,2.961564938831944360e+01,2.041030108626134432e+00,2.549999999999999822e+00,2.961564938831944360e+01,2.041030108626134432e+00,2.885445823287207290e+01,2.482601702438532953e+00
4.834576543886980744e+02,2.334822627175299203e-01,2.823313100659699515e+01,2.961661940882795463e+01,2.040921071067035353e+00,2.549999999999999822e+00,2.961661940882795463e+01,2.040921071067035353e+00,2.885515330695431402e+01,2.482571552270516957e+00
4.836911366514156043e+02,2.334822627175299203e-01,2.823349738449237023e+01,2.961759158322551144e+01,2.040812066137671632e+00,2.549999999999999822e+00,2.961759158322551144e+01,2.040812066137671632e+00,2.885584876398828058e+01,2.482541403761828303e+00
4.839929037477468228e+02,3.017670963312184540e-01,2.823397138197373124e+01,2.961885114834841914e+01,2.040671229635361072e+00,2.549999999999999822e+00,2.961885114834841914e+01,2.040671229635361072e+00,2.885674818259515817e+01,2.482502440398820287e+00
4.842946708440780412e+02,3.017670963312184540e-01,2.823444590679118349e+01,2.962011403389334774e+01,2.040530447533014602e+00,2.549999999999999822e+00,2.962011403389334774e+01,2.040530447533014602e+00,2.885764823874107776e+01,2.482463479805785855e+00
4.845964379404092597e+02,3.017670963312184540e-01,2.823492095885183062e+01,2.962138010700629565e+01,2.040389719771871668e+00,2.549999999999999822e+00,2.962138010700629565e+01,2.040389719771871668e+00,2.885854893127547527e+01,2.482424521981673848e+00
4.848982050367404781e+02,3.017670963312184540e-01,2.823539653806176375e+01,2.962264924805436550e+01,2.040249046293969304e+00,2.549999999999999822e+00,2.962264924805436550e+01,2.040249046293969304e+00,2.885945025909196815e+01,2.482385566925436660e+00
4.851999721330716966e+02,3.017670963312184540e-01,2.823587264432605792e+01,2.962392134869465821e+01,2.040108427042036876e+00,2.549999999999999822e+00,2.962392134869465821e+01,2.040108427042036876e+00,2.886035222112428045e+01,2.482346614636025350e+00
4.855799533506453827e+02,3.799812175736860809e-01,2.823647290068263160e+01,2.962552721933146316e+01,2.039931438143926190e+00,2.549999999999999822e+00,2.962552721933146316e+01,2.039931438143926190e+00,2.886148886052924922e+01,2.482297570351752025e+00
4.859599345682190688e+02,3.799812175736860809e-01,2.823707399236516480e+01,2.962713744886520573e+01,2.039754535022190396e+00,2.549999999999999822e+00,2.962713744886520573e+01,2.039754535022190396e+00,2.886262650190507628e+01,2.482248530450679169e+00
4.863399157857927548e+02,3.799812175736860809e-01,2.823767591917709652e+01,2.962875187704468871e+01,2.039577717566070980e+00,2.549999999999999822e+00,2.962875187704468871e+01,2.039577717566070980e+00,2.886376514334639509e+01,2.482199494930721784e+00
4.867198970033664409e+02,3.799812175736860809e-01,2.823827868091919058e+01,2.963037035830814148e+01,2.039400985665807742e+00,2.549999999999999822e+00,2.963037035830814148e+01,2.039400985665807742e+00,2.886490478301539042e+01,2.482150463789797534e+00
4.870998782209401270e+02,3.799812175736860809e-01,2.823888227738948942e+01,2.963199275978942993e+01,2.039224339212528658e+00,2.549999999999999822e+00,2.963199275978942993e+01,2.039224339212528658e+00,2.886604541913599320e+01,2.482101437025826751e+00
4.875702952643638355e+02,4.704170434237084919e-01,2.823963068635220353e+01,2.963400654384109245e+01,2.039005768975921562e+00,2.549999999999999822e+00,2.963400654384109245e+01,2.039005768975921562e+00,2.886745890538402648e+01,2.482040747914223022e+00
4.880407123077875440e+02,4.704170434237084919e-01,2.824038037394953093e+01,2.963602593959790710e+01,2.038787329330181031e+00,2.549999999999999822e+00,2.963602593959790710e+01,2.038787329330181031e+00,2.886887391305564776e+01,2.481980065503823774e+00
4.885111293512112525e+02,4.704170434237084919e-01,2.824113133978059764e+01,2.963805075542187950e+01,2.038569020073282889e+00,2.549999999999999822e+00,2.963805075542187950e+01,2.038569020073282889e+00,2.887029043910873227e+01,2.481919389790699260e+00
4.889815463946349610e+02,4.704170434237084919e-01,2.824188358343782923e+01,2.964008081625856761e+01,2.038350841004568093e+00,2.550000000000000266e+00,2.964008081625856761e+01,2.038350841004568093e+00,2.887170848060216599e+01,2.481858720770926841e+00
4.894519634380586695e+02,4.704170434237084919e-01,2.824263710450687981e+01,2.964211596149872463e+01,2.038132791924625487e+00,2.549999999999999822e+00,2.964211596149872463e+01,2.038132791924625487e+00,2.887312803468764955e+01,2.481798058440590538e+00
4.899223804814823779e+02,4.704170434237084919e-01,2.824339190256651833e+01,2.964415604309334284e+01,2.037914872635188335e+00,2.550000000000000266e+00,2.964415604309334284e+01,2.037914872635188335e+00,2.887454909860207053e+01,2.481737402795780145e+00
4.906229829995240834e+02,7.006025180417054798e-01,2.824451840626241861e+01,2.964720323951251402e+01,2.037590560780490723e+00,2.550000000000000266e+00,2.964720323951251402e+01,2.037590560780490723e+00,2.887666831355632624e+01,2.481647079385566723e+00
4.913235855175657889e+02,7.006025180417054798e-01,2.824564774003131618e+01,2.965026066946776240e+01,2.037266535726905303e+00,2.549999999999999822e+00,2.965026066946776240e+01,2.037266535726905303e+00,2.887879086292048925e+01,2.481556770782852084e+00
4.920241880356074944e+02,7.006025180417054798e-01,2.824677990239438330e+01,2.965332795928335941e+01,2.036942796831399338e+00,2.549999999999999822e+00,2.965332795928335941e+01,2.036942796831399338e+00,2.888091673844273544e+01,2.481466476974791835e+00
4.927247905536491999e+02,7.006025180417054798e-01,2.824791489183690629e+01,2.965640476991477215e+01,2.036619343455058573e+00,2.549999999999999822e+00,2.965640476991477215e+01,2.036619343455058573e+00,2.888304593216389193e+01,2.481376197948570006e+00
4.934253930716909053e+02,7.006025180417054798e-01,2.824905270680765668e+01,2.965949079211686978e+01,2.036296174962814565e+00,2.549999999999999822e+00,2.965949079211686978e+01,2.036296174962814565e+00,2.888517843639139926e+01,2.481285933691396384e+00
4.941259955897326108e+02,7.006025180417054798e-01,2.825019334571834406e+01,2.966258574227916256e+01,2.035973290723210649e+00,2.549999999999999822e+00,2.966258574227916256e+01,2.035973290723210649e+00,2.888731424367609435e+01,2.481195684190513173e+00
4.949997187493077604e+02,8.737231595751495661e-01,2.825161979375702970e+01,2.966645757779321002e+01,2.035571018315149860e+00,2.549999999999999822e+00,2.966645757779321002e+01,2.035571018315149860e+00,2.888998243155527490e+01,2.481083154468296748e+00
4.958734419088829100e+02,8.737231595751495661e-01,2.825305062800124034e+01,2.967034242904204078e+01,2.035169185807582881e+00,2.549999999999999822e+00,2.967034242904204078e+01,2.035169185807582881e+00,2.889265573177036117e+01,2.480970647651584926e+00
4.967471650684580595e+02,8.737231595751495661e-01,2.825448584512003336e+01,2.967423987227055804e+01,2.034767791996945796e+00,2.549999999999999822e+00,2.967423987227055804e+01,2.034767791996945796e+00,2.889533413120590666e+01,2.480858163715813358e+00
4.976208882280332091e+02,8.737231595751495661e-01,2.825592544168702602e+01,2.967814951939237389e+01,2.034366835686855168e+00,2.549999999999999822e+00,2.967814951939237389e+01,2.034366835686855168e+00,2.889801761716242368e+01,2.480745702636485639e+00
4.984946113876083587e+02,8.737231595751495661e-01,2.825736941417895665e+01,2.968207101337439724e+01,2.033966315687825599e+00,2.549999999999999822e+00,2.968207101337439724e+01,2.033966315687825599e+00,2.890070617732225600e+01,2.480633264389169312e+00
4.993683345471835082e+02,8.737231595751495661e-01,2.825881775897432746e+01,2.968600402432879193e+01,2.033566230817022369e+00,2.549999999999999822e+00,2.968600402432879193e+01,2.033566230817022369e+00,2.890339979971929196e+01,2.480520848949499868e+00
5.004524416240000164e+02,1.084107076816508197e+00,2.826062092357849309e+01,2.969089961882634654e+01,2.033070412594687237e+00,2.549999999999999822e+00,2.969089961882634654e+01,2.033070412594687237e+00,2.890674903975881094e+01,2.480381396651116344e+00
5.015365487008165246e+02,1.084107076816508197e+00,2.826243080654736062e+01,2.969581193580248168e+01,2.032575260233929537e+00,2.549999999999999822e+00,2.969581193580248168e+01,2.032575260233929537e+00,2.891010603392048850e+01,2.480241979382795225e+00
5.026206557776330328e+02,1.084107076816508197e+00,2.826424740031527705e+01,2.970074048018928892e+01,2.032080771515347717e+00,2.549999999999999822e+00,2.970074048018928892e+01,2.032080771515347717e+00,2.891347076126449167e+01,2.480102597098414741e+00
5.037047628544495410e+02,1.084107076816508197e+00,2.826607069707194597e+01,2.970568479573443454e+01,2.031586944233580549e+00,2.549999999999999822e+00,2.970568479573443454e+01,2.031586944233580549e+00,2.891684320145564513e+01,2.479963249752008103e+00
5.047888699312660492e+02,1.084107076816508197e+00,2.826790068875988382e+01,2.971064446036900719e+01,2.031093776196965628e+00,2.549999999999999822e+00,2.971064446036900719e+01,2.031093776196965628e+00,2.892022333471708251e+01,2.479823937297756409e+00
5.058729770080825574e+02,1.084107076816508197e+00,2.826973736707221363e+01,2.971561908225306325e+01,2.030601265227233387e+00,2.549999999999999822e+00,2.971561908225306325e+01,2.030601265227233387e+00,2.892361114178885373e+01,2.479684659689996185e+00
5.072077150429556696e+02,1.334738034873112156e+00,2.827200783209782742e+01,2.972176377594602670e+01,2.029995791634940261e+00,2.549999999999999822e+00,2.972176377594602670e+01,2.029995791634940261e+00,2.892779267649962449e+01,2.479513230769229359e+00
5.085424530778287817e+02,1.334738034873112156e+00,2.827428840335690552e+01,2.972792995934903004e+01,2.029391306742876822e+00,2.549999999999999822e+00,2.972792995934903004e+01,2.029391306742876822e+00,2.893198578076972538e+01,2.479341854515869414e+00
5.098771911127018939e+02,1.334738034873112156e+00,2.827657906376692765e+01,2.973411704992925308e+01,2.028787806566081819e+00,2.549999999999999822e+00,2.973411704992925308e+01,2.028787806566081819e+00,2.893619042142605480e+01,2.479170530845629994e+00
5.112119291475750060e+02,1.334738034873112156e+00,2.827887979565920062e+01,2.974032450839034425e+01,2.028185287148034366e+00,2.549999999999999822e+00,2.974032450839034425e+01,2.028185287148034366e+00,2.894040656617333340e+01,2.478999259674562694e+00
5.125466671824481182e+02,1.334738034873112156e+00,2.828119058077805192e+01,2.974655183383013934e+01,2.027583744560149448e+00,2.549999999999999822e+00,2.974655183383013934e+01,2.027583744560149448e+00,2.894463418353029383e+01,2.478828040919056175e+00
5.138814052173212303e+02,1.334738034873112156e+00,2.828351140028128086e+01,2.975279855954949682e+01,2.026983174901308082e+00,2.549999999999999822e+00,2.975279855954949682e+01,2.026983174901308082e+00,2.894887324277235763e+01,2.478656874495832607e+00
5.155029511456740465e+02,1.621545928352816190e+00,2.828634438867530321e+01,2.976041305365055578e+01,2.026254858512122059e+00,2.549999999999999822e+00,2.976041305365055578e+01,2.026254858512122059e+00,2.895403853986193354e+01,2.478448998199113351e+00
5.171244970740268627e+02,1.621545928352816190e+00,2.828919212244727532e+01,2.976805481178963220e+01,2.025527965490292903e+00,2.549999999999999822e+00,2.976805481178963220e+01,2.025527965490292903e+00,2.895922062760908133e+01,2.478241198870826612e+00
5.187460430023796789e+02,1.621545928352816190e+00,2.829205456435703070e+01,2.977572315970496675e+01,2.024802488999143613e+00,2.549999999999999822e+00,2.977572315970496675e+01,2.024802488999143613e+00,2.896441945482096614e+01,2.478033476363610710e+00
5.203675889307324951e+02,1.621545928352816190e+00,2.829493167593106051e+01,2.978341747069411838e+01,2.024078422258127397e+00,2.549999999999999822e+00,2.978341747069411838e+01,2.024078422258127397e+00,2.896963497154133549e+01,2.477825830530814066e+00
5.219891348590853113e+02,1.621545928352816190e+00,2.829782341748805763e+01,2.979113716055669059e+01,2.023355758541957705e+00,2.549999999999999822e+00,2.979113716055669059e+01,2.023355758541957705e+00,2.897486712896514049e+01,2.477618261226480545e+00
5.236106807874381275e+02,1.621545928352816190e+00,2.830072974817106157e+01,2.979888168318379371e+01,2.022634491179787553e+00,2.549999999999999822e+00,2.979888168318379371e+01,2.022634491179787553e+00,2.898011587936129629e+01,2.477410768305355671e+00
5.255541901581030970e+02,1.943509370664969538e+00,2.830423230338427132e+01,2.980819590859319490e+01,2.021771844200257018e+00,2.549999999999999822e+00,2.980819590859319490e+01,2.021771844200257018e+00,2.898642858330982364e+01,2.477162177396222908e+00
5.274976995287680666e+02,1.943509370664969538e+00,2.830775568158452415e+01,2.981754425058666769e+01,2.020911182329237388e+00,2.549999999999999822e+00,2.981754425058666769e+01,2.020911182329237388e+00,2.899276497781398376e+01,2.476913695758616196e+00
5.294412088994330361e+02,1.943509370664969538e+00,2.831129980630944587e+01,2.982692594341904879e+01,2.020052494380966568e+00,2.549999999999999822e+00,2.982692594341904879e+01,2.020052494380966568e+00,2.899912498600470201e+01,2.476665323146317377e+00
5.313847182700980056e+02,1.943509370664969538e+00,2.831486459914980003e+01,2.983634027263119037e+01,2.019195769275437424e+00,2.549999999999999822e+00,2.983634027263119037e+01,2.019195769275437424e+00,2.900550853269918150e+01,2.476417059314489855e+00
5.333282276407629752e+02,1.943509370664969538e+00,2.831844997993403013e+01,2.984578656985233636e+01,2.018340996036781299e+00,2.549999999999999822e+00,2.984578656985233636e+01,2.018340996036781299e+00,2.901191554429022545e+01,2.476168904019669714e+00
5.352717370114279447e+02,1.943509370664969538e+00,2.832205586693343946e+01,2.985526420823984850e+01,2.017488163791708811e+00,2.549999999999999822e+00,2.985526420823984850e+01,2.017488163791708811e+00,2.901834594864570960e+01,2.475920857019753729e+00
5.375750587357799759e+02,2.303321724352031197e+00,2.832635576922984555e+01,2.986653626687431284e+01,2.016479940596080489e+00,2.549999999999999822e+00,2.986653626687431284e+01,2.016479940596080489e+00,2.902599704110790313e+01,2.475627027636995603e+00
5.398783804601320071e+02,2.303321724352031197e+00,2.833068421652887992e+01,2.987785060043263741e+01,2.015474410739400035e+00,2.549999999999999822e+00,2.987785060043263741e+01,2.015474410739400035e+00,2.903368077506828016e+01,2.475333349622965251e+00
5.400000000000000000e+02,1.216195398679928985e-01,2.833091355706506675e+01,2.987844917607144879e+01,2.015421391476375668e+00,2.549999999999999822e+00,2.987844917607144879e+01,2.015421391476375668e+00,2.903408739518275539e+01,2.475317847094073986e+00
5.400000339978469128e+02,3.399784691282548010e-05,2.833091362118659973e+01,2.987844934340341041e+01,2.015421376656274077e+00,2.549999999999999822e+00,2.987844934340341041e+01,2.015421376656274077e+00,2.903408750886309164e+01,2.475317842760515141e+00
5.400000679956938257e+02,3.399784691282548010e-05,2.833091368530813270e+01,2.987844951072837674e+01,2.015421361836172043e+00,2.549999999999999822e+00,2.987844951072837674e+01,2.015421361836172043e+00,2.903408762254342790e+01,2.475317838426955852e+00
5.400004079741629539e+02,3.399784691282548010e-04,2.833091432652402375e+01,2.987845118372818831e+01,2.015421213635201880e+00,2.549999999999999822e+00,2.987845118372818831e+01,2.015421213635201880e+00,2.903408875934717415e+01,2.475317795091370066e+00
5.400007479526320822e+02,3.399784691282548010e-04,2.833091496774052231e+01,2.987845285653643046e+01,2.015421065434283232e+00,2.549999999999999822e+00,2.987845285653643046e+01,2.015421065434283232e+00,2.903408989615131830e+01,2.475317751755786055e+00
5.400041477373233647e+02,3.399784691282548010e-03,2.833092137995863879e+01,2.987846957699807504e+01,2.015419583429912898e+00,2.549999999999999822e+00,2.987846957699807504e+01,2.015419583429912898e+00,2.903410126422706483e+01,2.475317318400237721e+00
5.400075475220146473e+02,3.399784691282548010e-03,2.833092779223726154e+01,2.987848629154005664e+01,2.015418101431094566e+00,2.549999999999999822e+00,2.987848629154005664e+01,2.015418101431094566e+00,2.903411263234190898e+01,2.475316885045008242e+00
5.400172043770379560e+02,9.656855023308708041e-03,2.833094600617859271e+01,2.987853374784455696e+01,2.015413891943329094e+00,2.549999999999999822e+00,2.987853374784455696e+01,2.015413891943329094e+00,2.903414492288843007e+01,2.475315654130849197e+00
5.400268612320612647e+02,9.656855023308708041e-03,2.833096422060170028e+01,2.987858117790282364e+01,2.015409682500286070e+00,2.549999999999999822e+00,2.987858117790282364e+01,2.015409682500286070e+00,2.903417721374674443e+01,2.475314423219250326e+00
5.400365180870845734e+02,9.656855023308708041e-03,2.833098243551893347e+01,2.987862858744166772e+01,2.015405473103268008e+00,2.549999999999999822e+00,2.987862858744166772e+01,2.015405473103268008e+00,2.903420950492507657e+01,2.475313192310276467e+00
5.400543537087335153e+02,1.783562164894192392e-02,2.833101607866547056e+01,2.987871610521495214e+01,2.015397698725893694e+00,2.549999999999999822e+00,2.987871610521495214e+01,2.015397698725893694e+00,2.903426914560688132e+01,2.475310918903496749e+00
5.400721893303824572e+02,1.783562164894192392e-02,2.833104972351799944e+01,2.987880357598793069e+01,2.015389924508002029e+00,2.549999999999999822e+00,2.987880357598793069e+01,2.015389924508002029e+00,2.903432878739550560e+01,2.475308645505781779e+00
5.400900249520313992e+02,1.783562164894192392e-02,2.833108337007537614e+01,2.987889100619952032e+01,2.015382150449640974e+00,2.549999999999999822e+00,2.987889100619952032e+01,2.015382150449640974e+00,2.903438843029120520e+01,2.475306372117127562e+00
5.401078605736803411e+02,1.783562164894192392e-02,2.833111701833498230e+01,2.987897840003701333e+01,2.015374376550663982e+00,2.549999999999999822e+00,2.987897840003701333e+01,2.015374376550663982e+00,2.903444807429313812e+01,2.475304098737519887e+00
5.401386090934327058e+02,3.074851975236470025e-02,2.833117503175740026e+01,2.987912899039002923e+01,2.015360974763324098e+00,2.549999999999999822e+00,2.987912899039002923e+01,2.015360974763324098e+00,2.903455090284414197e+01,2.475300179464038575e+00
5.401693576131850705e+02,3.074851975236470025e-02,2.833123305023746852e+01,2.987927949575443520e+01,2.015347573450094298e+00,2.549999999999999822e+00,2.987927949575443520e+01,2.015347573450094298e+00,2.903465373468769428e+01,2.475296260217437982e+00
5.402001061329374352e+02,3.074851975236470025e-02,2.833129107377579814e+01,2.987942992531172948e+01,2.015334172611245922e+00,2.549999999999999822e+00,2.987942992531172948e+01,2.015334172611245922e+00,2.903475656982731579e+01,2.475292340997721219e+00
5.402308546526897999e+02,3.074851975236470025e-02,2.833134910237258097e+01,2.987958028558483292e+01,2.015320772246946834e+00,2.549999999999999822e+00,2.987958028558483292e+01,2.015320772246946834e+00,2.903485940826595879e+01,2.475288421804890948e+00
5.402835239511612144e+02,5.266929847141454957e-02,2.833144851160804478e+01,2.987983769155478342e+01,2.015297819796458612e+00,2.549999999999999822e+00,2.987983769155478342e+01,2.015297819796458612e+00,2.903503556843096334e+01,2.475281708661692726e+00
5.403361932496326290e+02,5.266929847141454957e-02,2.833154793568230190e+01,2.988009493053522192e+01,2.015274868738853975e+00,2.549999999999999822e+00,2.988009493053522192e+01,2.015274868738853975e+00,2.903521173829318158e+01,2.475274995597370964e+00
5.403888625481040435e+02,5.266929847141454957e-02,2.833164737459344096e+01,2.988035201857923440e+01,2.015251919074296794e+00,2.549999999999999822e+00,2.988035201857923440e+01,2.015251919074296794e+00,2.903538791786231954e+01,2.475268282611921222e+00
5.404415318465754581e+02,5.266929847141454957e-02,2.833174682833968561e+01,2.988060896783871456e+01,2.015228970802868336e+00,2.549999999999999822e+00,2.988060896783871456e+01,2.015228970802868336e+00,2.903556410714725899e+01,2.475261569705337727e+00
5.405190995595875165e+02,7.756771301205844793e-02,2.833189332397187599e+01,2.988098715225560298e+01,2.015195176706930713e+00,2.549999999999999822e+00,2.988098715225560298e+01,2.015195176706930713e+00,2.903582360429169285e+01,2.475251683542741610e+00
5.405966672725995750e+02,7.756771301205844793e-02,2.833203985177140893e+01,2.988136508307058747e+01,2.015161385632652014e+00,2.549999999999999822e+00,2.988136508307058747e+01,2.015161385632652014e+00,2.903608312255109070e+01,2.475241797551177569e+00
5.406742349856116334e+02,7.756771301205844793e-02,2.833218641173285945e+01,2.988174278123748451e+01,2.015127597579881247e+00,2.549999999999999822e+00,2.988174278123748451e+01,2.015127597579881247e+00,2.903634266194763924e+01,2.475231911730628731e+00
5.407518026986236919e+02,7.756771301205844793e-02,2.833233300385078124e+01,2.988212026359634521e+01,2.015093812548366614e+00,2.549999999999999822e+00,2.988212026359634521e+01,2.015093812548366614e+00,2.903660222250169198e+01,2.475222026081080884e+00
5.408647653976196352e+02,1.129626989959433558e-01,2.833254654503989300e+01,2.988266963835933865e+01,2.015044616444831682e+00,2.549999999999999822e+00,2.988266963835933865e+01,2.015044616444831682e+00,2.903698026122319220e+01,2.475207629808593435e+00
5.409777280966155786e+02,1.129626989959433558e-01,2.833276015439936302e+01,2.988321862156226771e+01,2.014995426747058005e+00,2.549999999999999822e+00,2.988321862156226771e+01,2.014995426747058005e+00,2.903735834491046575e+01,2.475193233898692391e+00
5.410906907956115219e+02,1.129626989959433558e-01,2.833297383191235852e+01,2.988376724308617582e+01,2.014946243453727526e+00,2.549999999999999822e+00,2.988376724308617582e+01,2.014946243453727526e+00,2.903773647361318666e+01,2.475178838351334232e+00
5.412036534946074653e+02,1.129626989959433558e-01,2.833318757756203965e+01,2.988431552837376870e+01,2.014897066563415606e+00,2.549999999999999822e+00,2.988431552837376870e+01,2.014897066563415606e+00,2.903811464737750825e+01,2.475164443166470107e+00
5.413166161936034086e+02,1.129626989959433558e-01,2.833340139133156654e+01,2.988486349916477991e+01,2.014847896074608347e+00,2.549999999999999822e+00,2.988486349916477991e+01,2.014847896074608347e+00,2.903849286624655690e+01,2.475150048344054277e+00
5.414965858543874901e+02,1.799696607840814977e-01,2.833374217534916539e+01,2.988573591012533370e+01,2.014769571964567074e+00,2.549999999999999822e+00,2.988573591012533370e+01,2.014769571964567074e+00,2.903909552941263073e+01,2.475127115581584381e+00
5.416765555151715716e+02,1.799696607840814977e-01,2.833408313215869256e+01,2.988660763368213225e+01,2.014691264092181466e+00,2.549999999999999822e+00,2.988660763368213225e+01,2.014691264092181466e+00,2.903969830731771040e+01,2.475104183738782382e+00
5.418565251759556531e+02,1.799696607840814977e-01,2.833442426169198924e+01,2.988747872297248875e+01,2.014612972450495310e+00,2.549999999999999822e+00,2.988747872297248875e+01,2.014612972450495310e+00,2.904030120010083138e+01,2.475081252815460875e+00
5.420364948367397346e+02,1.799696607840814977e-01,2.833476556388087531e+01,2.988834922358190482e+01,2.014534697032376087e+00,2.549999999999999822e+00,2.988834922358190482e+01,2.014534697032376087e+00,2.904090420789087545e+01,2.475058322811433786e+00
5.422164644975238161e+02,1.799696607840814977e-01,2.833510703865716351e+01,2.988921917495183678e+01,2.014456437830547397e+00,2.549999999999999822e+00,2.988921917495183678e+01,2.014456437830547397e+00,2.904150733080793145e+01,2.475035393726513711e+00
5.424633862400125963e+02,2.469217424887801826e-01,2.833557582915461026e+01,2.989041193303621924e+01,2.014349091115173351e+00,2.549999999999999822e+00,2.989041193303621924e+01,2.014349091115173351e+00,2.904233501427898290e+01,2.475003936088170597e+00
5.427103079825013765e+02,2.469217424887801826e-01,2.833604494423211051e+01,2.989160379771445619e+01,2.014241774892612913e+00,2.549999999999999822e+00,2.989160379771445619e+01,2.014241774892612913e+00,2.904316291494909308e+01,2.474972480179153944e+00
5.429572297249901567e+02,2.469217424887801826e-01,2.833651438371344966e+01,2.989279483440739327e+01,2.014134489143248885e+00,2.549999999999999822e+00,2.989279483440739327e+01,2.014134489143248885e+00,2.904399103306695906e+01,2.474941025998981026e+00
5.432041514674789369e+02,2.469217424887801826e-01,2.833698414742240246e+01,2.989398510036005163e+01,2.014027233847286880e+00,2.549999999999999822e+00,2.989398510036005163e+01,2.014027233847286880e+00,2.904481936886378080e+01,2.474909573547170449e+00
5.434510732099677170e+02,2.469217424887801826e-01,2.833745423518272233e+01,2.989517464603899910e+01,2.013920008984793064e+00,2.549999999999999822e+00,2.989517464603899910e+01,2.013920008984793064e+00,2.904564792255542827e+01,2.474878122823243487e+00
5.437864773340442071e+02,3.354041240764900067e-01,2.833809329375973007e+01,2.989678938162339961e+01,2.013774409681948097e+00,2.549999999999999822e+00,2.989678938162339961e+01,2.013774409681948097e+00,2.904677373103456972e+01,2.474835404757017354e+00
5.441218814581206971e+02,3.354041240764900067e-01,2.833873294947463251e+01,2.989840296863315672e+01,2.013628866444147292e+00,2.549999999999999822e+00,2.989840296863315672e+01,2.013628866444147292e+00,2.904789994239167328e+01,2.474792689876802232e+00
5.444572855821971871e+02,3.354041240764900067e-01,2.833937320188583797e+01,2.990001549274811765e+01,2.013483379220649017e+00,2.549999999999999822e+00,2.990001549274811765e+01,2.013483379220649017e+00,2.904902655706083436e+01,2.474749978181394194e+00
5.447926897062736771e+02,3.354041240764900067e-01,2.834001405055185785e+01,2.990162702980076403e+01,2.013337947960554430e+00,2.550000000000000266e+00,2.990162702980076403e+01,2.013337947960554430e+00,2.905015357544484189e+01,2.474707269669593312e+00
5.451280938303501671e+02,3.354041240764900067e-01,2.834065549503137760e+01,2.990323764737028256e+01,2.013192572612843900e+00,2.549999999999999822e+00,2.990323764737028256e+01,2.013192572612843900e+00,2.905128099791850360e+01,2.474664564340196549e+00
5.455662689610807092e+02,4.381751307305421506e-01,2.834149438108176966e+01,2.990534048812055445e+01,2.013002737029322198e+00,2.550000000000000266e+00,2.990534048812055445e+01,2.013002737029322198e+00,2.905275448270006677e+01,2.474608778485079874e+00
5.460044440918112514e+02,4.381751307305421506e-01,2.834233428227472729e+01,2.990744198227188022e+01,2.012812996670443777e+00,2.549999999999999822e+00,2.990744198227188022e+01,2.012812996670443777e+00,2.905422865846040281e+01,2.474552998056670727e+00
5.464426192225417935e+02,4.381751307305421506e-01,2.834317519762818449e+01,2.990954223567571901e+01,2.012623351421989781e+00,2.549999999999999822e+00,2.990954223567571901e+01,2.012623351421989781e+00,2.905570352586319416e+01,2.474497223052303241e+00
5.468807943532723357e+02,4.381751307305421506e-01,2.834401712616110558e+01,2.991164134294407972e+01,2.012433801169704939e+00,2.549999999999999822e+00,2.991164134294407972e+01,2.012433801169704939e+00,2.905717908552108497e+01,2.474441453469312435e+00
5.473189694840028778e+02,4.381751307305421506e-01,2.834486006689363080e+01,2.991373938914383857e+01,2.012244345799337086e+00,2.549999999999999822e+00,2.991373938914383857e+01,2.012244345799337086e+00,2.905865533800096756e+01,2.474385689305034219e+00
5.478755845852037965e+02,5.566151012009186161e-01,2.834593231491717091e+01,2.991640313327853917e+01,2.012003816748268559e+00,2.549999999999999822e+00,2.991640313327853917e+01,2.012003816748268559e+00,2.906053162554095692e+01,2.474314859739809691e+00
5.484321996864047151e+02,5.566151012009186161e-01,2.834700619271491817e+01,2.991906542995947760e+01,2.011763440386949320e+00,2.549999999999999822e+00,2.991906542995947760e+01,2.011763440386949320e+00,2.906240903290112598e+01,2.474244038908862020e+00
5.489888147876056337e+02,5.566151012009186161e-01,2.834808169828895075e+01,2.992172640522865379e+01,2.011523216481637455e+00,2.549999999999999822e+00,2.992172640522865379e+01,2.011523216481637455e+00,2.906428756098366151e+01,2.474173226806755110e+00
5.495454298888065523e+02,5.566151012009186161e-01,2.834915882964628864e+01,2.992438617262343925e+01,2.011283144798893918e+00,2.549999999999999822e+00,2.992438617262343925e+01,2.011283144798893918e+00,2.906616721061327979e+01,2.474102423428062636e+00
5.501020449900074709e+02,5.566151012009186161e-01,2.835023758479936618e+01,2.992704483493331580e+01,2.011043225105621612e+00,2.549999999999999822e+00,2.992704483493331580e+01,2.011043225105621612e+00,2.906804798254452749e+01,2.474031628767366708e+00
5.507928795102435515e+02,6.908345202360806070e-01,2.835157872100591803e+01,2.993034319683892619e+01,2.010745663394949201e+00,2.549999999999999822e+00,2.993034319683892619e+01,2.010745663394949201e+00,2.907038383644191271e+01,2.473943775148155666e+00
5.514837140304796321e+02,6.908345202360806070e-01,2.835292235170695108e+01,2.993364016132048278e+01,2.010448335008800935e+00,2.549999999999999822e+00,2.993364016132048278e+01,2.010448335008800935e+00,2.907272142140701732e+01,2.473855934939627854e+00
5.521745485507157127e+02,6.908345202360806070e-01,2.835426847314426979e+01,2.993693587354367835e+01,2.010151239504129439e+00,2.550000000000000266e+00,2.993693587354367835e+01,2.010151239504129439e+00,2.907506073851128647e+01,2.473768108131476406e+00
5.528653830709517933e+02,6.908345202360806070e-01,2.835561708157777616e+01,2.994023046506329067e+01,2.009854376438968693e+00,2.549999999999999822e+00,2.994023046506329067e+01,2.009854376438968693e+00,2.907740178871490144e+01,2.473680294713416661e+00
5.535562175911878739e+02,6.908345202360806070e-01,2.835696817328685881e+01,2.994352405561359731e+01,2.009557745372468673e+00,2.549999999999999822e+00,2.994352405561359731e+01,2.009557745372468673e+00,2.907974457287680181e+01,2.473592494675179054e+00
5.544148581252983377e+02,8.586405341104637046e-01,2.835865090544368883e+01,2.994761643888760361e+01,2.009189384338843087e+00,2.549999999999999822e+00,2.994761643888760361e+01,2.009189384338843087e+00,2.908265884517562583e+01,2.473483386348316770e+00
5.552734986594088014e+02,8.586405341104637046e-01,2.836033746101641739e+01,2.995170763474245135e+01,2.008821380177869376e+00,2.549999999999999822e+00,2.995170763474245135e+01,2.008821380177869376e+00,2.908557579857505715e+01,2.473374298655258485e+00
5.561321391935192651e+02,8.586405341104637046e-01,2.836202783300601027e+01,2.995579781555384713e+01,2.008453732050680784e+00,2.549999999999999822e+00,2.995579781555384713e+01,2.008453732050680784e+00,2.908849543418303440e+01,2.473265231576415868e+00
5.569907797276297288e+02,8.586405341104637046e-01,2.836372201447389685e+01,2.995988713777715517e+01,2.008086439121311795e+00,2.549999999999999822e+00,2.995988713777715517e+01,2.008086439121311795e+00,2.909141775294203214e+01,2.473156185092245440e+00
5.578494202617401925e+02,8.586405341104637046e-01,2.836541999854557261e+01,2.996397574398186592e+01,2.007719500556725212e+00,2.549999999999999822e+00,2.996397574398186592e+01,2.007719500556725212e+00,2.909434275564364469e+01,2.473047159183253019e+00
5.587080607958506562e+02,8.586405341104637046e-01,2.836712177841413052e+01,2.996806376464945387e+01,2.007352915526841475e+00,2.549999999999999822e+00,2.996806376464945387e+01,2.007352915526841475e+00,2.909727044294195153e+01,2.472938153829987051e+00
5.599675315367608164e+02,1.259470740910160202e+00,2.836962483568446913e+01,2.997405934227954205e+01,2.006815839312935612e+00,2.549999999999999822e+00,2.997405934227954205e+01,2.006815839312935612e+00,2.910156968999194760e+01,2.472778299792990353e+00
5.612270022776709766e+02,1.259470740910160202e+00,2.837213602439511817e+01,2.998005425899653886e+01,2.006279519372415887e+00,2.549999999999999822e+00,2.998005425899653886e+01,2.006279519372415887e+00,2.910587471544823757e+01,2.472618489880059389e+00
5.624864730185811368e+02,1.259470740910160202e+00,2.837465532394545065e+01,2.998604882117584935e+01,2.005743953120486811e+00,2.549999999999999822e+00,2.998604882117584935e+01,2.005743953120486811e+00,2.911018552005763382e+01,2.472458724030337063e+00
5.637459437594912970e+02,1.259470740910160202e+00,2.837718271411982940e+01,2.999204330375925664e+01,2.005209137986233348e+00,2.549999999999999822e+00,2.999204330375925664e+01,2.005209137986233348e+00,2.911450210413781292e+01,2.472299002183175887e+00
5.650054145004014572e+02,1.259470740910160202e+00,2.837971817510617711e+01,2.999803795465988898e+01,2.004675071412608922e+00,2.549999999999999822e+00,2.999803795465988898e+01,2.004675071412608922e+00,2.911882446761987353e+01,2.472139324278133543e+00
5.662648852413116174e+02,1.259470740910160202e+00,2.838226168751325318e+01,3.000403299855837957e+01,2.004141750856414994e+00,2.549999999999999822e+00,3.000403299855837957e+01,2.004141750856414994e+00,2.912315261008619771e+01,2.471979690254975104e+00
5.678167289544250025e+02,1.551843713113385093e+00,2.838540669364565261e+01,3.001142057103212579e+01,2.003485647648168388e+00,2.549999999999999822e+00,3.001142057103212579e+01,2.003485647648168388e+00,2.912849343147943060e+01,2.471783059116779313e+00
5.693685726675383876e+02,1.551843713113385093e+00,2.838856385992944453e+01,3.001880939550177274e+01,2.002830668477699749e+00,2.549999999999999822e+00,3.001880939550177274e+01,2.002830668477699749e+00,2.913384302323844466e+01,2.471586494395654476e+00
5.709204163806517727e+02,1.551843713113385093e+00,2.839173315293199451e+01,3.002619978298050185e+01,2.002176808673757247e+00,2.549999999999999822e+00,3.002619978298050185e+01,2.002176808673757247e+00,2.913920138279815220e+01,2.471389995980195486e+00
5.724722600937651578e+02,1.551843713113385093e+00,2.839491454033070283e+01,3.003359201400911260e+01,2.001524063596405334e+00,2.549999999999999822e+00,3.003359201400911260e+01,2.001524063596405334e+00,2.914456850705503754e+01,2.471193563759459089e+00
5.740241038068785429e+02,1.551843713113385093e+00,2.839810799094091465e+01,3.004098634269921320e+01,2.000872428636816913e+00,2.549999999999999822e+00,3.004098634269921320e+01,2.000872428636816913e+00,2.914994439241905866e+01,2.470997197622962549e+00
5.755759475199919279e+02,1.551843713113385093e+00,2.840131347473941048e+01,3.004838300015999408e+01,2.000221899217049515e+00,2.549999999999999822e+00,3.004838300015999408e+01,2.000221899217049515e+00,2.915532903485918581e+01,2.470800897460678769e+00
5.774854105559289792e+02,1.909463035937051245e+00,2.840527412568205889e+01,3.005748770830908967e+01,1.999422966908548149e+00,2.549999999999999822e+00,3.005748770830908967e+01,1.999422966908548149e+00,2.916196656762722128e+01,2.470559450682784597e+00
5.793948735918660304e+02,1.909463035937051245e+00,2.840925290005991144e+01,3.006659661642376591e+01,1.998625693099253198e+00,2.549999999999999822e+00,3.006659661642376591e+01,1.998625693099253198e+00,2.916861734288178809e+01,2.470318103420946709e+00
5.813043366278030817e+02,1.909463035937051245e+00,2.841324974938603276e+01,3.007571004511035895e+01,1.997830069450135859e+00,2.549999999999999822e+00,3.007571004511035895e+01,1.997830069450135859e+00,2.917528135085486696e+01,2.470076855472996158e+00
5.832137996637401329e+02,1.909463035937051245e+00,2.841726462794167318e+01,3.008482828394120290e+01,1.997036087690472250e+00,2.549999999999999378e+00,3.008482828394120290e+01,1.997036087690472250e+00,2.918195858109538321e+01,2.469835706637782735e+00
5.851232626996771842e+02,1.909463035937051245e+00,2.842129749276665152e+01,3.009395159536526165e+01,1.996243739617135526e+00,2.549999999999999378e+00,3.009395159536526165e+01,1.996243739617135526e+00,2.918864902253424276e+01,2.469594656715157210e+00
5.870327257356142354e+02,1.909463035937051245e+00,2.842534830363337051e+01,3.010308021804231871e+01,1.995453017093887560e+00,2.549999999999999378e+00,3.010308021804231871e+01,1.995453017093887560e+00,2.919535266354196779e+01,2.469353705505973551e+00
5.893693133280818302e+02,2.336587592467594732e+00,2.843032959536287052e+01,3.011425834967056758e+01,1.994487619037224935e+00,2.549999999999999378e+00,3.011425834967056758e+01,1.994487619037224935e+00,2.920357377156193479e+01,2.469058990343407256e+00
5.917059009205494249e+02,2.336587592467594732e+00,2.843533764023925059e+01,3.012544512034553179e+01,1.993524628366273532e+00,2.549999999999999822e+00,3.012544512034553179e+01,1.993524628366273532e+00,2.921181460339733960e+01,2.468764422337878184e+00
5.940424885130170196e+02,2.336587592467594732e+00,2.844037238050715288e+01,3.013664085486305311e+01,1.992564030571797540e+00,2.549999999999999378e+00,3.013664085486305311e+01,1.992564030571797540e+00,2.922007513492646780e+01,2.468470001130468106e+00
5.963790761054846143e+02,2.336587592467594732e+00,2.844543376383539268e+01,3.014784584607118489e+01,1.991605811287504357e+00,2.549999999999999378e+00,3.014784584607118489e+01,1.991605811287504357e+00,2.922835534118172518e+01,2.468175726364418399e+00
5.987156636979522091e+02,2.336587592467594732e+00,2.845052174301473258e+01,3.015906035876612989e+01,1.990649956288147227e+00,2.549999999999999378e+00,3.015906035876612989e+01,1.990649956288147227e+00,2.923665519643150645e+01,2.467881597685108286e+00
6.000000000000000000e+02,1.284336302047790923e+00,2.845332972966651397e+01,3.016522870716474003e+01,1.990125559770402841e+00,2.549999999999999378e+00,3.016522870716474003e+01,1.990125559770402841e+00,2.924122568064345984e+01,2.467719988052982760e+00
6.000000333252688733e+02,3.332526887334097410e-05,2.845332980263067313e+01,3.016522886727313946e+01,1.990125546172833548e+00,2.549999999999999378e+00,3.016522886727313946e+01,1.990125546172833548e+00,2.924122579931281507e+01,2.467719983860194422e+00
6.000000666505377467e+02,3.332526887334097410e-05,2.845332987559483939e+01,3.016522902739172096e+01,1.990125532575262923e+00,2.549999999999999378e+00,3.016522902739172096e+01,1.990125532575262923e+00,2.924122591798218096e+01,2.467719979667404751e+00
6.000003999032264801e+02,3.332526887334097410e-04,2.845333060523695323e+01,3.016523062894166074e+01,1.990125396599502938e+00,2.549999999999999378e+00,3.016523062894166074e+01,1.990125396599502938e+00,2.924122710467653263e+01,2.467719937739515590e+00
6.000007331559152135e+02,3.332526887334097410e-04,2.845333133487959287e+01,3.016523223077127014e+01,1.990125260623722525e+00,2.549999999999999378e+00,3.016523223077127014e+01,1.990125260623722525e+00,2.924122829137171564e+01,2.467719895811629094e+00
6.000040656828025476e+02,3.332526887334097410e-03,2.845333863135237706e+01,3.016524826026398642e+01,1.990123900867420970e+00,2.549999999999999378e+00,3.016524826026398642e+01,1.990123900867420970e+00,2.924124015839595359e+01,2.467719476533017264e+00
6.000073982096898817e+02,3.332526887334097410e-03,2.845334592787794392e+01,3.016526429850092583e+01,1.990122541113771515e+00,2.549999999999999378e+00,3.016526429850092583e+01,1.990122541113771515e+00,2.924125202550261804e+01,2.467719057254694093e+00
6.000158014918030176e+02,8.403282113135901454e-03,2.845336432697181550e+01,3.016530476522223125e+01,1.990119112379376887e+00,2.549999999999999378e+00,3.016530476522223125e+01,1.990119112379376887e+00,2.924128194986935014e+01,2.467718000005864720e+00
6.000242047739161535e+02,8.403282113135901454e-03,2.845338272639551036e+01,3.016534526359841095e+01,1.990115683666857649e+00,2.549999999999999378e+00,3.016534526359841095e+01,1.990115683666857649e+00,2.924131187475066440e+01,2.467716942758833909e+00
6.000326080560292894e+02,8.403282113135901454e-03,2.845340112615851424e+01,3.016538578743441690e+01,1.990112254978474216e+00,2.549999999999999378e+00,3.016538578743441690e+01,1.990112254978474216e+00,2.924134180016109852e+01,2.467715885513654062e+00
6.000480407177458346e+02,1.543266171654522623e-02,2.845343491828747773e+01,3.016546026543637993e+01,1.990105958244114515e+00,2.549999999999999378e+00,3.016546026543637993e+01,1.990105958244114515e+00,2.924139675968524443e+01,2.467713943883442340e+00
6.000634733794623799e+02,1.543266171654522623e-02,2.845346871157647328e+01,3.016553480306740198e+01,1.990099661598550229e+00,2.549999999999999378e+00,3.016553480306740198e+01,1.990099661598550229e+00,2.924145172101642842e+01,2.467712002259557558e+00
6.000789060411789251e+02,1.543266171654522623e-02,2.845350250602469089e+01,3.016560939261616880e+01,1.990093365043471341e+00,2.549999999999999378e+00,3.016560939261616880e+01,1.990093365043471341e+00,2.924150668415233767e+01,2.467710060641996606e+00
6.000943387028954703e+02,1.543266171654522623e-02,2.845353630163019432e+01,3.016568402907704538e+01,1.990087068579851293e+00,2.549999999999999378e+00,3.016568402907704538e+01,1.990087068579851293e+00,2.924156164908908551e+01,2.467708119030747937e+00
6.001203052532359834e+02,2.596655034051309485e-02,2.845359316775015301e+01,3.016580970573960485e+01,1.990076474540974472e+00,2.549999999999999378e+00,3.016580970573960485e+01,1.990076474540974472e+00,2.924165413556367810e+01,2.467704852146050509e+00
6.001462718035764965e+02,2.596655034051309485e-02,2.845365003714557162e+01,3.016593548949634140e+01,1.990065880766812345e+00,2.549999999999999378e+00,3.016593548949634140e+01,1.990065880766812345e+00,2.924174662712959361e+01,2.467701585279219678e+00
6.001722383539170096e+02,2.596655034051309485e-02,2.845370690981708606e+01,3.016606137009701172e+01,1.990055287259753447e+00,2.549999999999999378e+00,3.016606137009701172e+01,1.990055287259753447e+00,2.924183912378475014e+01,2.467698318430258553e+00
6.001982049042575227e+02,2.596655034051309485e-02,2.845376378576501963e+01,3.016618734017512793e+01,1.990044694021498861e+00,2.549999999999999378e+00,3.016618734017512793e+01,1.990044694021498861e+00,2.924193162552690950e+01,2.467695051599169798e+00
6.002422617728567502e+02,4.405686859922752774e-02,2.845386029341638334e+01,3.016640125984687160e+01,1.990026721328152393e+00,2.549999999999999378e+00,3.016640125984687160e+01,1.990026721328152393e+00,2.924208858280617562e+01,2.467689508880380078e+00
6.002863186414559777e+02,4.405686859922752774e-02,2.845395681049904013e+01,3.016661539689201987e+01,1.990008749417660594e+00,2.549999999999999378e+00,3.016661539689201987e+01,1.990008749417660594e+00,2.924224555470990694e+01,2.467683966213033209e+00
6.003303755100552053e+02,4.405686859922752774e-02,2.845405333701259920e+01,3.016682973347446861e+01,1.989990778294002949e+00,2.549999999999999378e+00,3.016682973347446861e+01,1.989990778294002949e+00,2.924240254122710070e+01,2.467678423597125636e+00
6.003744323786544328e+02,4.405686859922752774e-02,2.845414987295675857e+01,3.016704425600325834e+01,1.989972807960194157e+00,2.549999999999999378e+00,3.016704425600325834e+01,1.989972807960194157e+00,2.924255954234773824e+01,2.467672881032653809e+00
6.004387161017273229e+02,6.428372307289009768e-02,2.845429074622975207e+01,3.016735757909382798e+01,1.989946588726845267e+00,2.549999999999999378e+00,3.016735757909382798e+01,1.989946588726845267e+00,2.924278865009670625e+01,2.467664793925570255e+00
6.005029998248002130e+02,6.428372307289009768e-02,2.845443163957921584e+01,3.016767124602997896e+01,1.989920371186515879e+00,2.549999999999999378e+00,3.016767124602997896e+01,1.989920371186515879e+00,2.924301778888979086e+01,2.467656706927982224e+00
6.005672835478731031e+02,6.428372307289009768e-02,2.845457255300439670e+01,3.016798523378151131e+01,1.989894155344192450e+00,2.549999999999999378e+00,3.016798523378151131e+01,1.989894155344192450e+00,2.924324695870195612e+01,2.467648620039885721e+00
6.006315672709459932e+02,6.428372307289009768e-02,2.845471348650452725e+01,3.016829952375017143e+01,1.989867941203846247e+00,2.549999999999999378e+00,3.016829952375017143e+01,1.989867941203846247e+00,2.924347615950972212e+01,2.467640533261273195e+00
6.007251461265576609e+02,9.357885561166767729e-02,2.845491868156123516e+01,3.016875754871821513e+01,1.989829783904589311e+00,2.549999999999999378e+00,3.016875754871821513e+01,1.989829783904589311e+00,2.924380986618990619e+01,2.467628761402502757e+00
6.008187249821693285e+02,9.357885561166767729e-02,2.845512391915498895e+01,3.016921614083240399e+01,1.989791630227289776e+00,2.549999999999999378e+00,3.016921614083240399e+01,1.989791630227289776e+00,2.924414363844210030e+01,2.467616989775702319e+00
6.009123038377809962e+02,9.357885561166767729e-02,2.845532919928345095e+01,3.016967526686523726e+01,1.989753480178668266e+00,2.549999999999999378e+00,3.016967526686523726e+01,1.989753480178668266e+00,2.924447747620612503e+01,2.467605218380851895e+00
6.010058826933926639e+02,9.357885561166767729e-02,2.845553452194429411e+01,3.017013489847004948e+01,1.989715333764328742e+00,2.549999999999999378e+00,3.017013489847004948e+01,1.989715333764328742e+00,2.924481137942497710e+01,2.467593447217929281e+00
6.010994615490043316e+02,9.357885561166767729e-02,2.845573988713520919e+01,3.017059501136754562e+01,1.989677190988943245e+00,2.549999999999999378e+00,3.017059501136754562e+01,1.989677190988943245e+00,2.924514534804450960e+01,2.467581676286911829e+00
6.012475163336736159e+02,1.480547846692843450e-01,2.845606489034214803e+01,3.017132390669990727e+01,1.989616851247688389e+00,2.549999999999999378e+00,3.017132390669990727e+01,1.989616851247688389e+00,2.924567386638626942e+01,2.467563053508057713e+00
6.013955711183429003e+02,1.480547846692843450e-01,2.845638999999400909e+01,3.017205388469571403e+01,1.989556520637561388e+00,2.549999999999999378e+00,3.017205388469571403e+01,1.989556520637561388e+00,2.924620254811411257e+01,2.467544431309561137e+00
6.015436259030121846e+02,1.480547846692843450e-01,2.845671521608178622e+01,3.017278488674580217e+01,1.989496199168474533e+00,2.549999999999999378e+00,3.017278488674580217e+01,1.989496199168474533e+00,2.924673139304556102e+01,2.467525809691335503e+00
6.016916806876814690e+02,1.480547846692843450e-01,2.845704053859653015e+01,3.017351686244395381e+01,1.989435886848462731e+00,2.549999999999999378e+00,3.017351686244395381e+01,1.989435886848462731e+00,2.924726040100731339e+01,2.467507188653294659e+00
6.018397354723507533e+02,1.480547846692843450e-01,2.845736596752935199e+01,3.017424976806282899e+01,1.989375583684033888e+00,2.549999999999999378e+00,3.017424976806282899e+01,1.989375583684033888e+00,2.924778957183416495e+01,2.467488568195350229e+00
6.020422966389910471e+02,2.025611666402937772e-01,2.845781137553280971e+01,3.017525393056913074e+01,1.989293094745696600e+00,2.549999999999999378e+00,3.017525393056913074e+01,1.989293094745696600e+00,2.924851382050078286e+01,2.467463093553776687e+00
6.022448578056313409e+02,2.025611666402937772e-01,2.845825698269441517e+01,3.017625967837983580e+01,1.989210622965148501e+00,2.549999999999999378e+00,3.017625967837983580e+01,1.989210622965148501e+00,2.924923837334240062e+01,2.467437619997664200e+00
6.024474189722716346e+02,2.025611666402937772e-01,2.845870278899199590e+01,3.017726693891351530e+01,1.989128168350051684e+00,2.549999999999999378e+00,3.017726693891351530e+01,1.989128168350051684e+00,2.924996322999154685e+01,2.467412147526792054e+00
6.026499801389119284e+02,2.025611666402937772e-01,2.845914879440358547e+01,3.017827564847920385e+01,1.989045730906038978e+00,2.549999999999999378e+00,3.017827564847920385e+01,1.989045730906038978e+00,2.925068839009666632e+01,2.467386676140935542e+00
6.028525413055522222e+02,2.025611666402937772e-01,2.845959499890743416e+01,3.017928575076424735e+01,1.988963310637060555e+00,2.549999999999999378e+00,3.017928575076424735e+01,1.988963310637060555e+00,2.925141385332031163e+01,2.467361205839873506e+00
6.031268283371505277e+02,2.742870315983054752e-01,2.846019951940765935e+01,3.018065565621983737e+01,1.988851733154207047e+00,2.549999999999999378e+00,3.018065565621983737e+01,1.988851733154207047e+00,2.925239668187502673e+01,2.467326718365083327e+00
6.034011153687488331e+02,2.742870315983054752e-01,2.846080440486572627e+01,3.018202791461470724e+01,1.988740187170433993e+00,2.549999999999999822e+00,3.018202791461470724e+01,1.988740187170433993e+00,2.925338006485140241e+01,2.467292232878381952e+00
6.036754024003471386e+02,2.742870315983054752e-01,2.846140965522947042e+01,3.018340243021171432e+01,1.988628672685518017e+00,2.549999999999999378e+00,3.018340243021171432e+01,1.988628672685518017e+00,2.925436400150874761e+01,2.467257749379214715e+00
6.039496894319454441e+02,2.742870315983054752e-01,2.846201527044742008e+01,3.018477911795714874e+01,1.988517189696811904e+00,2.549999999999999378e+00,3.018477911795714874e+01,1.988517189696811904e+00,2.925534849113504166e+01,2.467223267867030501e+00
6.042239764635437496e+02,2.742870315983054752e-01,2.846262125046878566e+01,3.018615790176420077e+01,1.988405738199639838e+00,2.549999999999999378e+00,3.018615790176420077e+01,1.988405738199639838e+00,2.925633353304397488e+01,2.467188788341275085e+00
6.045814777038405055e+02,3.575012402967558955e-01,2.846341162246063661e+01,3.018795801999864281e+01,1.988260521398340641e+00,2.549999999999999378e+00,3.018795801999864281e+01,1.988260521398340641e+00,2.925761824852668980e+01,2.467143851271059951e+00
6.049389789441372614e+02,3.575012402967558955e-01,2.846420261398945328e+01,3.018976144815404083e+01,1.988115358066275151e+00,2.549999999999999378e+00,3.018976144815404083e+01,1.988115358066275151e+00,2.925890389969233141e+01,2.467098917573246286e+00
6.052964801844340172e+02,3.575012402967558955e-01,2.846499422494782650e+01,3.019156806622499545e+01,1.987970248182173272e+00,2.549999999999999378e+00,3.019156806622499545e+01,1.987970248182173272e+00,2.926019048517945365e+01,2.467053987246611069e+00
6.056539814247307731e+02,3.575012402967558955e-01,2.846578645523018380e+01,3.019337776640970006e+01,1.987825191722039087e+00,2.549999999999999378e+00,3.019337776640970006e+01,1.987825191722039087e+00,2.926147800367387219e+01,2.467009060289931721e+00
6.060114826650275290e+02,3.575012402967558955e-01,2.846657930473276821e+01,3.019519045128789969e+01,1.987680188659568081e+00,2.549999999999999378e+00,3.019519045128789969e+01,1.987680188659568081e+00,2.926276645390408149e+01,2.466964136701986554e+00
6.064647693447084293e+02,4.532866796809003063e-01,2.846758547284388996e+01,3.019749296295180585e+01,1.987496411603124402e+00,2.549999999999999378e+00,3.019749296295180585e+01,1.987496411603124402e+00,2.926440145679267246e+01,2.466907181562140838e+00
6.069180560243893297e+02,4.532866796809003063e-01,2.846859263607511181e+01,3.019979996857778914e+01,1.987312720284167389e+00,2.549999999999999378e+00,3.019979996857778914e+01,1.987312720284167389e+00,2.926603795317409507e+01,2.466850231833579432e+00
6.073713427040702300e+02,4.532866796809003063e-01,2.846960079422694179e+01,3.020211132200143922e+01,1.987129114637553151e+00,2.549999999999999378e+00,3.020211132200143922e+01,1.987129114637553151e+00,2.926767594069977108e+01,2.466793287513816324e+00
6.078246293837511303e+02,4.532866796809003063e-01,2.847060994710415471e+01,3.020442689068406139e+01,1.986945594595195708e+00,2.549999999999999378e+00,3.020442689068406139e+01,1.986945594595195708e+00,2.926931541709457463e+01,2.466736348600366391e+00
6.082779160634320306e+02,4.532866796809003063e-01,2.847162009451568210e+01,3.020674655382361706e+01,1.986762160086498641e+00,2.549999999999999378e+00,3.020674655382361706e+01,1.986762160086498641e+00,2.927095638015035206e+01,2.466679415090747618e+00
6.088396551609457674e+02,5.617390975137368514e-01,2.847287330731827737e+01,3.020962673077085725e+01,1.986534955992552920e+00,2.549999999999999378e+00,3.020962673077085725e+01,1.986534955992552920e+00,2.927299201612009227e+01,2.466608867283482276e+00
6.094013942584595043e+02,5.617390975137368514e-01,2.847412804685247778e+01,3.021251283489388229e+01,1.986307883003534336e+00,2.549999999999999378e+00,3.021251283489388229e+01,1.986307883003534336e+00,2.927502992798507009e+01,2.466538327766681249e+00
6.099631333559732411e+02,5.617390975137368514e-01,2.847538431277965287e+01,3.021540469232237314e+01,1.986080940973384168e+00,2.549999999999999378e+00,3.021540469232237314e+01,1.986080940973384168e+00,2.927707011189992414e+01,2.466467796535632750e+00
6.105248724534869780e+02,5.617390975137368514e-01,2.847664210476979108e+01,3.021830214412849003e+01,1.985854129753038766e+00,2.549999999999998934e+00,3.021830214412849003e+01,1.985854129753038766e+00,2.927911256412810559e+01,2.466397273585630323e+00
6.110866115510007148e+02,5.617390975137368514e-01,2.847790142250118350e+01,3.022120504439865485e+01,1.985627449190869864e+00,2.549999999999999378e+00,3.022120504439865485e+01,1.985627449190869864e+00,2.928115728103306736e+01,2.466326758911975059e+00
6.117851390794631925e+02,6.985275284624776759e-01,2.847946952302280010e+01,3.022482222496235593e+01,1.985345751934378900e+00,2.549999999999998934e+00,3.022482222496235593e+01,1.985345751934378900e+00,2.928370305824839193e+01,2.466239084830263550e+00
6.124836666079256702e+02,6.985275284624776759e-01,2.848103998174842388e+01,3.022844738632469230e+01,1.985064256178634023e+00,2.549999999999998934e+00,3.022844738632469230e+01,1.985064256178634023e+00,2.928625232525909183e+01,2.466151423530112297e+00
6.131821941363881479e+02,6.985275284624776759e-01,2.848261279810860813e+01,3.023208031175302324e+01,1.984782961620136899e+00,2.549999999999998934e+00,3.023208031175302324e+01,1.984782961620136899e+00,2.928880507561764546e+01,2.466063775002517833e+00
6.138807216648506255e+02,6.985275284624776759e-01,2.848418797155036231e+01,3.023572080232406378e+01,1.984501867952296106e+00,2.549999999999998934e+00,3.023572080232406378e+01,1.984501867952296106e+00,2.929136130304670260e+01,2.465976139238493570e+00
6.145792491933131032e+02,6.985275284624776759e-01,2.848576550153622833e+01,3.023936867470820289e+01,1.984220974865932074e+00,2.549999999999998934e+00,3.023936867470820289e+01,1.984220974865932074e+00,2.929392100142570143e+01,2.465888516229064464e+00
6.152777767217755809e+02,6.985275284624776759e-01,2.848734538754337819e+01,3.024302375920915154e+01,1.983940282049722059e+00,2.549999999999998934e+00,3.024302375920915154e+01,1.983940282049722059e+00,2.929648416477879991e+01,2.465800905965271461e+00
6.163010063184902947e+02,1.023229596714713807e+00,2.848966391669435438e+01,3.024839055940707411e+01,1.983529473468064186e+00,2.549999999999998934e+00,3.024839055940707411e+01,1.983529473468064186e+00,2.930024502674540088e+01,2.465672594121554706e+00
6.173242359152050085e+02,1.023229596714713807e+00,2.849198749863705515e+01,3.025377204335437042e+01,1.983119092954430673e+00,2.549999999999998934e+00,3.025377204335437042e+01,1.983119092954430673e+00,2.930401329328409332e+01,2.465544309579527749e+00
6.183474655119197223e+02,1.023229596714713807e+00,2.849431613187342194e+01,3.025916779720023442e+01,1.982709139514205576e+00,2.549999999999998490e+00,3.025916779720023442e+01,1.982709139514205576e+00,2.930778894702781656e+01,2.465416052311189876e+00
6.193706951086344361e+02,1.023229596714713807e+00,2.849664981495291727e+01,3.026457744313155374e+01,1.982299612148958889e+00,2.549999999999998490e+00,3.026457744313155374e+01,1.982299612148958889e+00,2.931157197108425905e+01,2.465287822288606989e+00
6.203939247053491499e+02,1.023229596714713807e+00,2.849898854646698965e+01,3.027000063453714418e+01,1.981890509857535010e+00,2.549999999999998490e+00,3.027000063453714418e+01,1.981890509857535010e+00,2.931536234899616034e+01,2.465159619483909381e+00
6.214171543020638637e+02,1.023229596714713807e+00,2.850133232504363079e+01,3.027543705183223111e+01,1.981481831636986657e+00,2.549999999999998490e+00,3.027543705183223111e+01,1.981481831636986657e+00,2.931916006470566671e+01,2.465031443869291738e+00
6.226764563168003406e+02,1.259302014736476849e+00,2.850422376995872042e+01,3.028214544093768623e+01,1.980979446649960840e+00,2.549999999999998490e+00,3.028214544093768623e+01,1.980979446649960840e+00,2.932384401229191440e+01,2.464873733750463813e+00
6.239357583315368174e+02,1.259302014736476849e+00,2.850712285495544762e+01,3.028887290711895730e+01,1.980477700590787871e+00,2.549999999999998046e+00,3.028887290711895730e+01,1.980477700590787871e+00,2.932853902182529282e+01,2.464716064721638400e+00
6.251950603462732943e+02,1.259302014736476849e+00,2.851002957763418166e+01,3.029561898324425329e+01,1.979976591587548684e+00,2.549999999999998046e+00,3.029561898324425329e+01,1.979976591587548684e+00,2.933324506548405708e+01,2.464558436731396185e+00
6.264543623610097711e+02,1.259302014736476849e+00,2.851294393562837470e+01,3.030238323865985706e+01,1.979476117769836341e+00,2.549999999999998046e+00,3.030238323865985706e+01,1.979476117769836341e+00,2.933796211610938087e+01,2.464400849728469289e+00
6.277136643757462480e+02,1.259302014736476849e+00,2.851586592659197095e+01,3.030916527467085331e+01,1.978976277269728801e+00,2.549999999999998046e+00,3.030916527467085331e+01,1.978976277269728801e+00,2.934269014715497192e+01,2.464243303661738604e+00
6.289729663904827248e+02,1.259302014736476849e+00,2.851879554818740203e+01,3.031596472069343662e+01,1.978477068222609381e+00,2.549999999999998046e+00,3.031596472069343662e+01,1.978477068222609381e+00,2.934742913264194186e+01,2.464085798480237344e+00
6.305204433785510219e+02,1.547476988068297032e+00,2.852240602201454678e+01,3.032434346652363644e+01,1.977864483637933546e+00,2.549999999999997602e+00,3.032434346652363644e+01,1.977864483637933546e+00,2.935326753761315999e+01,2.463892306190671011e+00
6.320679203666193189e+02,1.547476988068297032e+00,2.852602801049677339e+01,3.033274738608759336e+01,1.977252846320278312e+00,2.549999999999997602e+00,3.033274738608759336e+01,1.977252846320278312e+00,2.935912239962214443e+01,2.463698875468746330e+00
6.336153973546876159e+02,1.547476988068297032e+00,2.852966150920217103e+01,3.034117592833942112e+01,1.976642152837988053e+00,2.549999999999997158e+00,3.034117592833942112e+01,1.976642152837988053e+00,2.936499367349442124e+01,2.463505506220816432e+00
6.351628743427559129e+02,1.547476988068297032e+00,2.853330651361510562e+01,3.034962858171694222e+01,1.976032399771954218e+00,2.549999999999997158e+00,3.034962858171694222e+01,1.976032399771954218e+00,2.937088131501950627e+01,2.463312198353575511e+00
6.367103513308242100e+02,1.547476988068297032e+00,2.853696301911372402e+01,3.035810486963201882e+01,1.975423583716476861e+00,2.549999999999996714e+00,3.035810486963201882e+01,1.975423583716476861e+00,2.937678528088347818e+01,2.463118951774053933e+00
6.382578283188925070e+02,1.547476988068297032e+00,2.854063102095033955e+01,3.036660434659799179e+01,1.974815701279981406e+00,2.549999999999996714e+00,3.036660434659799179e+01,1.974815701279981406e+00,2.938270552860840823e+01,2.462925766389620907e+00
6.401476142067422188e+02,1.889785887849711798e+00,2.854512598639591658e+01,3.037701479088016754e+01,1.974074613827980329e+00,2.549999999999996270e+00,3.037701479088016754e+01,1.974074613827980329e+00,2.938995738385281697e+01,2.462689930388355375e+00
6.420374000945919306e+02,1.889785887849711798e+00,2.854963808027286376e+01,3.038745848625499946e+01,1.973334907565293728e+00,2.549999999999995826e+00,3.038745848625499946e+01,1.973334907565293728e+00,2.939723338429746136e+01,2.462454185344755242e+00
6.439271859824416424e+02,1.889785887849711798e+00,2.855416729299181355e+01,3.039793477162693947e+01,1.972596576407373625e+00,2.549999999999995381e+00,3.039793477162693947e+01,1.972596576407373625e+00,2.940453345699863519e+01,2.462218531092140505e+00
6.458169718702913542e+02,1.889785887849711798e+00,2.855871361458603275e+01,3.040844302987909131e+01,1.971859614305205399e+00,2.549999999999994937e+00,3.040844302987909131e+01,1.971859614305205399e+00,2.941185753042867645e+01,2.461982967464562577e+00
6.477067577581410660e+02,1.889785887849711798e+00,2.856327703471608359e+01,3.041898268317438081e+01,1.971124015245937278e+00,2.549999999999994493e+00,3.041898268317438081e+01,1.971124015245937278e+00,2.941920553438383124e+01,2.461747494296802063e+00
6.495965436459907778e+02,1.889785887849711798e+00,2.856785754268892674e+01,3.042955318886976102e+01,1.970389773253374610e+00,2.549999999999994049e+00,3.042955318886976102e+01,1.970389773253374610e+00,2.942657739990116283e+01,2.461512111424368321e+00
6.518753091421418731e+02,2.278765496151095249e+00,2.857340357869408720e+01,3.044233975729875041e+01,1.969506196666146458e+00,2.549999999999993605e+00,3.044233975729875041e+01,1.969506196666146458e+00,2.943549827391858642e+01,2.461228398929129035e+00
6.541540746382929683e+02,2.278765496151095249e+00,2.857897442512843256e+01,3.045516960402492757e+01,1.968624574322913157e+00,2.549999999999992717e+00,3.045516960402492757e+01,1.968624574322913157e+00,2.944445362814752087e+01,2.460944817202359136e+00
6.564328401344440636e+02,2.278765496151095249e+00,2.858457006175941473e+01,3.046804194237847696e+01,1.967744895961714091e+00,2.549999999999991829e+00,3.046804194237847696e+01,1.967744895961714091e+00,2.945344334800526909e+01,2.460661365959800229e+00
6.587116056305951588e+02,2.278765496151095249e+00,2.859019046814511711e+01,3.048095603429447209e+01,1.966867151399989799e+00,2.549999999999990941e+00,3.048095603429447209e+01,1.966867151399989799e+00,2.946246732094589760e+01,2.460378044918682061e+00
6.600000000000000000e+02,1.288394369404841200e+00,2.859337915107679251e+01,3.048827576325316002e+01,1.966371734127265070e+00,2.549999999999990496e+00,3.048827576325316002e+01,1.966371734127265070e+00,2.946758451351751518e+01,2.460217915155617163e+00
6.600000321440057860e+02,3.214400578599452274e-05,2.859337923072954624e+01,3.048827594601262092e+01,1.966371721774812231e+00,2.549999999999990496e+00,3.048827594601262092e+01,1.966371721774812231e+00,2.946758464132175703e+01,2.460217911161075133e+00
6.600000642880115720e+02,3.214400578599452274e-05,2.859337931038231062e+01,3.048827612875852822e+01,1.966371709422360281e+00,2.549999999999990496e+00,3.048827612875852822e+01,1.966371709422360281e+00,2.946758476912599534e+01,2.460217907166533546e+00
6.600003857280694319e+02,3.214400578599452274e-04,2.859338010691034526e+01,3.048827795573390986e+01,1.966371585897900065e+00,2.549999999999990496e+00,3.048827795573390986e+01,1.966371585897900065e+00,2.946758604716854180e+01,2.460217867221119459e+00
6.600007071681272919e+02,3.214400578599452274e-04,2.859338090343886307e+01,3.048827978233811464e+01,1.966371462373495360e+00,2.549999999999990496e+00,3.048827978233811464e+01,1.966371462373495360e+00,2.946758732521118773e+01,2.460217827275706703e+00
6.600039215687058913e+02,3.214400578599452274e-03,2.859338886876633623e+01,3.048829803357124035e+01,1.966370227133430459e+00,2.549999999999990496e+00,3.048829803357124035e+01,1.966370227133430459e+00,2.946760010564594268e+01,2.460217427821806968e+00
6.600071359692844908e+02,3.214400578599452274e-03,2.859339683414195221e+01,3.048831627327197324e+01,1.966368991897643248e+00,2.549999999999990496e+00,3.048831627327197324e+01,1.966368991897643248e+00,2.946761288609029350e+01,2.460217028368161252e+00
6.600145618348724383e+02,7.425865587947555468e-03,2.859341523581356981e+01,3.048835838211584104e+01,1.966366138286556486e+00,2.549999999999990496e+00,3.048835838211584104e+01,1.966366138286556486e+00,2.946764241133663020e+01,2.460216105556519484e+00
6.600219877004603859e+02,7.425865587947555468e-03,2.859343363773680124e+01,3.048840045561681222e+01,1.966363284696652558e+00,2.549999999999990496e+00,3.048840045561681222e+01,1.966363284696652558e+00,2.946767193663345452e+01,2.460215182746200213e+00
6.600294135660483335e+02,7.425865587947555468e-03,2.859345203991951223e+01,3.048844250040416171e+01,1.966360431128231889e+00,2.549999999999990496e+00,3.048844250040416171e+01,1.966360431128231889e+00,2.946770146198263518e+01,2.460214259937244741e+00
6.600429905185538928e+02,1.357695250555934763e-02,2.859348568590669615e+01,3.048851930970025137e+01,1.966355213911291200e+00,2.549999999999990496e+00,3.048851930970025137e+01,1.966355213911291200e+00,2.946775544427952198e+01,2.460212572739050252e+00
6.600565674710594521e+02,1.357695250555934763e-02,2.859351933277419278e+01,3.048859605220318159e+01,1.966349996765798913e+00,2.549999999999990496e+00,3.048859605220318159e+01,1.966349996765798913e+00,2.946780942675588477e+01,2.460210885545481840e+00
6.600701444235650115e+02,1.357695250555934763e-02,2.859355298052134842e+01,3.048867273679134016e+01,1.966344779691287625e+00,2.549999999999990496e+00,3.048867273679134016e+01,1.966344779691287625e+00,2.946786340941264726e+01,2.460209198356537286e+00
6.600837213760705708e+02,1.357695250555934763e-02,2.859358662914658211e+01,3.048874936922377188e+01,1.966339562687363651e+00,2.549999999999990496e+00,3.048874936922377188e+01,1.966339562687363651e+00,2.946791739225036366e+01,2.460207511172203709e+00
6.601061618710738230e+02,2.244049500325218105e-02,2.859364224677789323e+01,3.048887592721819928e+01,1.966330939982306791e+00,2.549999999999990496e+00,3.048887592721819928e+01,1.966330939982306791e+00,2.946800661750267736e+01,2.460204722540936029e+00
6.601286023660770752e+02,2.244049500325218105e-02,2.859369786680735714e+01,3.048900237081398856e+01,1.966322317468711223e+00,2.549999999999990496e+00,3.048900237081398856e+01,1.966322317468711223e+00,2.946809584325452036e+01,2.460201933922268047e+00
6.601510428610803274e+02,2.244049500325218105e-02,2.859375348923550320e+01,3.048912871123889090e+01,1.966313695146084894e+00,2.549999999999990496e+00,3.048912871123889090e+01,1.966313695146084894e+00,2.946818506950889827e+01,2.460199145316202873e+00
6.601734833560835796e+02,2.244049500325218105e-02,2.859380911406260140e+01,3.048925495663068830e+01,1.966305073014060767e+00,2.549999999999990496e+00,3.048925495663068830e+01,1.966305073014060767e+00,2.946827429626844363e+01,2.460196356722742728e+00
6.602112879726583969e+02,3.780461657481737348e-02,2.859390282843895292e+01,3.048946743946679661e+01,1.966290548078599931e+00,2.549999999999990496e+00,3.048946743946679661e+01,1.966290548078599931e+00,2.946842461421881154e+01,2.460191658917858071e+00
6.602490925892332143e+02,3.780461657481737348e-02,2.859399654962343007e+01,3.048967969636663966e+01,1.966276023681954976e+00,2.549999999999990496e+00,3.048967969636663966e+01,1.966276023681954976e+00,2.946857493362020719e+01,2.460186961148742135e+00
6.602868972058080317e+02,3.780461657481737348e-02,2.859409027761583033e+01,3.048989174678881398e+01,1.966261499823162673e+00,2.549999999999990496e+00,3.048989174678881398e+01,1.966261499823162673e+00,2.946872525448222291e+01,2.460182263415393145e+00
6.603247018223828491e+02,3.780461657481737348e-02,2.859418401241602581e+01,3.049010360563146449e+01,1.966246976501478283e+00,2.549999999999990496e+00,3.049010360563146449e+01,1.966246976501478283e+00,2.946887557681364811e+01,2.460177565717807990e+00
6.603794773873457871e+02,5.477556496293800592e-02,2.859431983797642474e+01,3.049041025445326270e+01,1.966225934437199507e+00,2.549999999999990496e+00,3.049041025445326270e+01,1.966225934437199507e+00,2.946909338327624184e+01,2.460170759230561277e+00
6.604342529523087251e+02,5.477556496293800592e-02,2.859445567782831787e+01,3.049071655730330832e+01,1.966204893497638828e+00,2.549999999999990496e+00,3.049071655730330832e+01,1.966204893497638828e+00,2.946931119286394107e+01,2.460163952818390509e+00
6.604890285172716631e+02,5.477556496293800592e-02,2.859459153197143522e+01,3.049102253908530002e+01,1.966183853681495286e+00,2.549999999999990496e+00,3.049102253908530002e+01,1.966183853681495286e+00,2.946952900559820065e+01,2.460157146481291690e+00
6.605438040822346011e+02,5.477556496293800592e-02,2.859472740040550320e+01,3.049132821997758569e+01,1.966162814987687302e+00,2.549999999999990496e+00,3.049132821997758569e+01,1.966162814987687302e+00,2.946974682149897262e+01,2.460150340219261267e+00
6.606235213147209606e+02,7.971723248635953496e-02,2.859492516110642413e+01,3.049177258790594891e+01,1.966132198476241877e+00,2.549999999999990052e+00,3.049177258790594891e+01,1.966132198476241877e+00,2.947006382403131397e+01,2.460140434907891471e+00
6.607032385472073202e+02,7.971723248635953496e-02,2.859512295207444765e+01,3.049221639823218410e+01,1.966101584337481833e+00,2.549999999999990052e+00,3.049221639823218410e+01,1.966101584337481833e+00,2.947038083336395431e+01,2.460130529755496731e+00
6.607829557796936797e+02,7.971723248635953496e-02,2.859532077330871402e+01,3.049265968716384734e+01,1.966070972569287312e+00,2.549999999999990052e+00,3.049265968716384734e+01,1.966070972569287312e+00,2.947069784954715388e+01,2.460120624762065500e+00
6.608626730121800392e+02,7.971723248635953496e-02,2.859551862480837059e+01,3.049310248562229120e+01,1.966040363169784699e+00,2.549999999999990052e+00,3.049310248562229120e+01,1.966040363169784699e+00,2.947101487262815667e+01,2.460110719927586231e+00
6.609423902446663988e+02,7.971723248635953496e-02,2.859571650657256114e+01,3.049354482012733314e+01,1.966009756137306663e+00,2.549999999999990052e+00,3.049354482012733314e+01,1.966009756137306663e+00,2.947133190265159897e+01,2.460100815252046047e+00
6.610678498818552953e+02,1.254596371888965223e-01,2.859602799581709931e+01,3.049424008476431069e+01,1.965961591327899827e+00,2.549999999999990052e+00,3.049424008476431069e+01,1.965961591327899827e+00,2.947183086127642326e+01,2.460085227513963524e+00
6.611933095190441918e+02,1.254596371888965223e-01,2.859633956001758293e+01,3.049493433207612014e+01,1.965913432372419889e+00,2.549999999999990052e+00,3.049493433207612014e+01,1.965913432372419889e+00,2.947232983735602474e+01,2.460069640169477712e+00
6.613187691562330883e+02,1.254596371888965223e-01,2.859665119917069021e+01,3.049562762534220184e+01,1.965865279266240107e+00,2.549999999999990052e+00,3.049562762534220184e+01,1.965865279266240107e+00,2.947282883103506279e+01,2.460054053218539316e+00
6.614442287934219848e+02,1.254596371888965223e-01,2.859696291327311002e+01,3.049632001904195278e+01,1.965817132005145851e+00,2.549999999999990052e+00,3.049632001904195278e+01,1.965817132005145851e+00,2.947332784244976622e+01,2.460038466661103485e+00
6.615696884306108814e+02,1.254596371888965223e-01,2.859727470232153124e+01,3.049701156048552875e+01,1.965768990585258225e+00,2.549999999999989608e+00,3.049701156048552875e+01,1.965768990585258225e+00,2.947382687172898486e+01,2.460022880497121367e+00
6.617409676544402828e+02,1.712792238294014169e-01,2.859770048201784931e+01,3.049795436065976872e+01,1.965703276680292433e+00,2.549999999999989608e+00,3.049795436065976872e+01,1.965703276680292433e+00,2.947450818243414616e+01,2.460001602686638478e+00
6.619122468782696842e+02,1.712792238294014169e-01,2.859812640138461859e+01,3.049889573983376323e+01,1.965637573647043501e+00,2.549999999999989608e+00,3.049889573983376323e+01,1.965637573647043501e+00,2.947518952695694949e+01,2.459980325609273599e+00
6.620835261020990856e+02,1.712792238294014169e-01,2.859855246041347243e+01,3.049983577627419251e+01,1.965571881477614191e+00,2.549999999999989608e+00,3.049983577627419251e+01,1.965571881477614191e+00,2.947587090557451006e+01,2.459959049264906827e+00
6.622548053259284870e+02,1.712792238294014169e-01,2.859897865909605486e+01,3.050077453870548183e+01,1.965506200164555795e+00,2.549999999999989608e+00,3.050077453870548183e+01,1.965506200164555795e+00,2.947655231854942670e+01,2.459937773653420034e+00
6.624260845497578885e+02,1.712792238294014169e-01,2.859940499742403830e+01,3.050171208792730937e+01,1.965440529700792416e+00,2.549999999999989608e+00,3.050171208792730937e+01,1.965440529700792416e+00,2.947723376613146584e+01,2.459916498774692872e+00
6.626574621566390988e+02,2.313776068812103404e-01,2.859998115089289072e+01,3.050297677288108034e+01,1.965351834027322164e+00,2.549999999999989164e+00,3.050297677288108034e+01,1.965351834027322164e+00,2.947815437513158798e+01,2.459887760138661505e+00
6.628888397635203091e+02,2.313776068812103404e-01,2.860055755916167897e+01,3.050423945948356419e+01,1.965263158124241238e+00,2.549999999999989164e+00,3.050423945948356419e+01,1.965263158124241238e+00,2.947907504827661640e+01,2.459859022839316900e+00
6.631202173704015195e+02,2.313776068812103404e-01,2.860113422221008150e+01,3.050550025055978054e+01,1.965174501976325594e+00,2.549999999999989164e+00,3.050550025055978054e+01,1.965174501976325594e+00,2.947999578609416815e+01,2.459830286876366401e+00
6.633515949772827298e+02,2.313776068812103404e-01,2.860171114001785497e+01,3.050675923749727758e+01,1.965085865568895418e+00,2.549999999999988720e+00,3.050675923749727758e+01,1.965085865568895418e+00,2.948091658908584733e+01,2.459801552249517353e+00
6.635829725841639402e+02,2.313776068812103404e-01,2.860228831256484483e+01,3.050801650207548121e+01,1.964997248887726755e+00,2.549999999999988720e+00,3.050801650207548121e+01,1.964997248887726755e+00,2.948183745772998421e+01,2.459772818958477991e+00
6.638840135289509590e+02,3.010409447870188160e-01,2.860303964193921189e+01,3.050964984700857485e+01,1.964881980938235850e+00,2.549999999999988720e+00,3.050964984700857485e+01,1.964881980938235850e+00,2.948303568120360296e+01,2.459735436626459215e+00
6.641850544737379778e+02,3.010409447870188160e-01,2.860379140246103091e+01,3.051128054488534858e+01,1.964766746328565850e+00,2.549999999999988276e+00,3.051128054488534858e+01,1.964766746328565850e+00,2.948423401754611106e+01,2.459698056554578738e+00
6.644860954185249966e+02,3.010409447870188160e-01,2.860454359408663549e+01,3.051290872411531296e+01,1.964651545029870938e+00,2.549999999999988276e+00,3.051290872411531296e+01,1.964651545029870938e+00,2.948543246766846693e+01,2.459660678742191298e+00
6.647871363633120154e+02,3.010409447870188160e-01,2.860529621677263279e+01,3.051453450005883639e+01,1.964536377013939239e+00,2.549999999999987832e+00,3.051453450005883639e+01,1.964536377013939239e+00,2.948663103243896444e+01,2.459623303188655630e+00
6.650881773080990342e+02,3.010409447870188160e-01,2.860604927047594970e+01,3.051615797696647903e+01,1.964421242253102440e+00,2.549999999999987832e+00,3.051615797696647903e+01,1.964421242253102440e+00,2.948782971268743580e+01,2.459585929893333134e+00
6.654693310947137661e+02,3.811537866147318709e-01,2.860700334466043415e+01,3.051821034159137724e+01,1.964275515561360930e+00,2.549999999999987832e+00,3.051821034159137724e+01,1.964275515561360930e+00,2.948934755193105417e+01,2.459538614076914431e+00
6.658504848813284980e+02,3.811537866147318709e-01,2.860795810963626451e+01,3.052025934522856332e+01,1.964129842081646427e+00,2.549999999999987388e+00,3.052025934522856332e+01,1.964129842081646427e+00,2.949086557910434436e+01,2.459491301878216074e+00
6.662316386679432298e+02,3.811537866147318709e-01,2.860891356531827512e+01,3.052230514357038871e+01,1.963984221760581628e+00,2.549999999999986944e+00,3.052230514357038871e+01,1.963984221760581628e+00,2.949238379567360724e+01,2.459443993295939546e+00
6.666127924545579617e+02,3.811537866147318709e-01,2.860986971162219916e+01,3.052434787775183977e+01,1.963838654545532636e+00,2.549999999999986944e+00,3.052434787775183977e+01,1.963838654545532636e+00,2.949390220303931542e+01,2.459396688328790326e+00
6.669939462411726936e+02,3.811537866147318709e-01,2.861082654846473616e+01,3.052638767635989581e+01,1.963693140384513924e+00,2.549999999999986944e+00,3.052638767635989581e+01,1.963693140384513924e+00,2.949542080254201792e+01,2.459349386975472562e+00
6.674657478007356985e+02,4.718015595630049575e-01,2.861201190099712477e+01,3.052890869874902791e+01,1.963513092770324375e+00,2.549999999999986500e+00,3.052890869874902791e+01,1.963513092770324375e+00,2.949730083049880847e+01,2.459290841196766664e+00
6.679375493602987035e+02,4.718015595630049575e-01,2.861319831129964086e+01,3.053142560600079136e+01,1.963333126270863982e+00,2.549999999999986056e+00,3.053142560600079136e+01,1.963333126270863982e+00,2.949918115714809375e+01,2.459232300950777717e+00
6.684093509198617085e+02,4.718015595630049575e-01,2.861438577922086779e+01,3.053393858224112734e+01,1.963153240790726173e+00,2.549999999999986056e+00,3.053393858224112734e+01,1.963153240790726173e+00,2.950106178471419582e+01,2.459173766235055680e+00
6.688811524794247134e+02,4.718015595630049575e-01,2.861557430461203211e+01,3.053644779564167067e+01,1.962973436235396107e+00,2.549999999999985612e+00,3.053644779564167067e+01,1.962973436235396107e+00,2.950294271532464307e+01,2.459115237047158065e+00
6.693529540389877184e+02,4.718015595630049575e-01,2.861676388732709952e+01,3.053895340047016660e+01,1.962793712511154531e+00,2.549999999999985167e+00,3.053895340047016660e+01,1.962793712511154531e+00,2.950482395101811051e+01,2.459056713384640158e+00
6.699398644664240692e+02,5.869104274363508011e-01,2.861824517673529655e+01,3.054206549256939596e+01,1.962570252956933325e+00,2.549999999999984723e+00,3.054206549256939596e+01,1.962570252956933325e+00,2.950716459426434213e+01,2.458983918985547579e+00
6.705267748938604200e+02,5.869104274363508011e-01,2.861972810183994298e+01,3.054517246985950862e+01,1.962346918165654319e+00,2.549999999999984723e+00,3.054517246985950862e+01,1.962346918165654319e+00,2.950950571624738927e+01,2.458911133128405702e+00
6.711136853212967708e+02,5.869104274363508011e-01,2.862121266237918604e+01,3.054827456094579574e+01,1.962123707961042518e+00,2.549999999999983835e+00,3.054827456094579574e+01,1.962123707961042518e+00,2.951184732040796987e+01,2.458838355808528497e+00
6.717005957487331216e+02,5.869104274363508011e-01,2.862269885809886816e+01,3.055137197533735716e+01,1.961900622168062602e+00,2.549999999999983391e+00,3.055137197533735716e+01,1.961900622168062602e+00,2.951418941003610996e+01,2.458765587021241927e+00
6.722875061761694724e+02,5.869104274363508011e-01,2.862418668875282890e+01,3.055446490581693553e+01,1.961677660612806795e+00,2.549999999999983391e+00,3.055446490581693553e+01,1.961677660612806795e+00,2.951653198828317315e+01,2.458692826761874617e+00
6.728744166036058232e+02,5.869104274363508011e-01,2.862567615410320698e+01,3.055755353053839940e+01,1.961454823122397384e+00,2.549999999999982503e+00,3.055755353053839940e+01,1.961454823122397384e+00,2.951887505817277457e+01,2.458620075025764073e+00
6.737332453650359412e+02,8.588287614301179929e-01,2.862785864139616265e+01,3.056206571026255858e+01,1.961128967227439235e+00,2.549999999999982059e+00,3.056206571026255858e+01,1.961128967227439235e+00,2.952230457534985320e+01,2.458513632423172890e+00
6.745920741264660592e+02,8.588287614301179929e-01,2.863004462782713588e+01,3.056656949663946321e+01,1.960803376084288674e+00,2.549999999999981171e+00,3.056656949663946321e+01,1.960803376084288674e+00,2.952573516014828314e+01,2.458407208046557102e+00
6.754509028878961772e+02,8.588287614301179929e-01,2.863223411275500041e+01,3.057106532000495491e+01,1.960478049161220815e+00,2.549999999999980727e+00,3.057106532000495491e+01,1.960478049161220815e+00,2.952916682080148902e+01,2.458300801881377229e+00
6.763097316493262952e+02,8.588287614301179929e-01,2.863442709558315968e+01,3.057555357213919933e+01,1.960152985929880298e+00,2.549999999999979838e+00,3.057555357213919933e+01,1.960152985929880298e+00,2.953259956512901496e+01,2.458194413913128873e+00
6.771685604107564131e+02,8.588287614301179929e-01,2.863662357576130901e+01,3.058003461143308144e+01,1.959828185865034600e+00,2.549999999999978950e+00,3.058003461143308144e+01,1.959828185865034600e+00,2.953603340057232884e+01,2.458088044127330285e+00
6.780273891721865311e+02,8.588287614301179929e-01,2.863882355278718705e+01,3.058450876735017943e+01,1.959503648444361534e+00,2.549999999999978062e+00,3.058450876735017943e+01,1.959503648444361534e+00,2.953946833422670792e+01,2.457981692509531246e+00
6.790835071949300072e+02,1.056118022743476104e+00,2.864153369966494367e+01,3.059000173177993531e+01,1.959104917929630485e+00,2.549999999999977174e+00,3.059000173177993531e+01,1.959104917929630485e+00,2.954369385289746575e+01,2.457850934793670117e+00
6.801396252176734833e+02,1.056118022743476104e+00,2.864424913309047938e+01,3.059548526533663804e+01,1.958706582841289734e+00,2.549999999999975842e+00,3.059548526533663804e+01,1.958706582841289734e+00,2.954792105451753059e+01,2.457720204503049288e+00
6.811957432404169595e+02,1.056118022743476104e+00,2.864696985245045724e+01,3.060095984341068842e+01,1.958308642224066087e+00,2.549999999999974509e+00,3.060095984341068842e+01,1.958308642224066087e+00,2.955214995046842219e+01,2.457589501610975002e+00
6.822518612631604356e+02,1.056118022743476104e+00,2.864969585725708612e+01,3.060642590247769945e+01,1.957911095128013867e+00,2.549999999999973621e+00,3.060642590247769945e+01,1.957911095128013867e+00,2.955638055156692445e+01,2.457458826090815673e+00
6.833079792859039117e+02,1.056118022743476104e+00,2.865242714715188299e+01,3.061188384492521664e+01,1.957513940608274217e+00,2.549999999999972289e+00,3.061188384492521664e+01,1.957513940608274217e+00,2.956061286811029021e+01,2.457328177916004996e+00
6.843640973086473878e+02,1.056118022743476104e+00,2.865516372190916172e+01,3.061733404316420248e+01,1.957117177724868817e+00,2.549999999999970957e+00,3.061733404316420248e+01,1.957117177724868817e+00,2.956484690991645436e+01,2.457197557060038395e+00
6.856610537249902109e+02,1.296956416342823104e+00,2.865853157829154085e+01,3.062401702333671594e+01,1.956630470974659586e+00,2.549999999999969180e+00,3.062401702333671594e+01,1.956630470974659586e+00,2.957004886161749369e+01,2.457037186605742551e+00
6.869580101413330340e+02,1.296956416342823104e+00,2.866190740469139087e+01,3.063068943639388664e+01,1.956144351712473917e+00,2.549999999999967404e+00,3.063068943639388664e+01,1.956144351712473917e+00,2.957525344578586513e+01,2.456876857261885316e+00
6.882549665576758571e+02,1.296956416342823104e+00,2.866529120155359323e+01,3.063735182682538039e+01,1.955658818225596063e+00,2.549999999999965627e+00,3.063735182682538039e+01,1.955658818225596063e+00,2.958046067807340407e+01,2.456716568979773641e+00
6.895519229740186802e+02,1.296956416342823104e+00,2.866868296965300189e+01,3.064400469721624631e+01,1.955173868811029170e+00,2.549999999999963407e+00,3.064400469721624631e+01,1.955173868811029170e+00,2.958567057333583250e+01,2.456556321710855695e+00
6.908488793903615033e+02,1.296956416342823104e+00,2.867208271009994291e+01,3.065064851306306082e+01,1.954689501775225269e+00,2.549999999999961187e+00,3.065064851306306082e+01,1.954689501775225269e+00,2.959088314569273237e+01,2.456396115406719982e+00
6.921458358067043264e+02,1.296956416342823104e+00,2.867549042434477613e+01,3.065728370691110172e+01,1.954205715433852131e+00,2.549999999999958966e+00,3.065728370691110172e+01,1.954205715433852131e+00,2.959609840858131946e+01,2.456235950019098002e+00
6.937288894326545687e+02,1.583053625950242349e+00,2.867966065932695585e+01,3.066537146579895534e+01,1.953615994599306571e+00,2.549999999999956302e+00,3.066537146579895534e+01,1.953615994599306571e+00,2.960246777755059355e+01,2.456040508932549216e+00
6.953119430586048111e+02,1.583053625950242349e+00,2.868384278067021498e+01,3.067344765812110907e+01,1.953027133384063863e+00,2.549999999999953193e+00,3.067344765812110907e+01,1.953027133384063863e+00,2.960884119612031284e+01,2.455845128646232389e+00
6.968949966845550534e+02,1.583053625950242349e+00,2.868803679310636667e+01,3.068151291192528163e+01,1.952439128778513000e+00,2.549999999999949640e+00,3.068151291192528163e+01,1.952439128778513000e+00,2.961521868517197476e+01,2.455649809073208623e+00
6.984780503105052958e+02,1.583053625950242349e+00,2.869224270213664951e+01,3.068956780899716463e+01,1.951851977791818404e+00,2.549999999999946532e+00,3.068956780899716463e+01,1.951851977791818404e+00,2.962160026446441918e+01,2.455454550126840552e+00
7.000611039364555381e+02,1.583053625950242349e+00,2.869646051402577669e+01,3.069761288987327319e+01,1.951265677451571534e+00,2.549999999999942535e+00,3.069761288987327319e+01,1.951265677451571534e+00,2.962798595271477353e+01,2.455259351720794125e+00
7.016441575624057805e+02,1.583053625950242349e+00,2.870069023579104339e+01,3.070564865819963174e+01,1.950680224803471141e+00,2.549999999999938538e+00,3.070564865819963174e+01,1.950680224803471141e+00,2.963437576767167769e+01,2.455064213769036829e+00
7.035521631958790749e+02,1.908005633473294438e+00,2.870580402771988560e+01,3.071532221113805505e+01,1.949975719202206470e+00,2.549999999999933653e+00,3.071532221113805505e+01,1.949975719202206470e+00,2.964208272238265707e+01,2.454829100244066087e+00
7.054601688293523694e+02,1.908005633473294438e+00,2.871093514706047145e+01,3.072498368412045622e+01,1.949272435648649715e+00,2.549999999999927880e+00,3.072498368412045622e+01,1.949272435648649715e+00,2.964979572414847198e+01,2.454594074265377568e+00
7.073681744628256638e+02,1.908005633473294438e+00,2.871608361019120892e+01,3.073463378726739847e+01,1.948570369071699560e+00,2.549999999999922107e+00,3.073463378726739847e+01,1.948570369071699560e+00,2.965751479919296330e+01,2.454359135684053950e+00
7.092761800962989582e+02,1.908005633473294438e+00,2.872124943482623038e+01,3.074427318031017720e+01,1.947869514436123328e+00,2.549999999999915445e+00,3.074427318031017720e+01,1.947869514436123328e+00,2.966523997220781794e+01,2.454124284351795637e+00
7.111841857297722527e+02,1.908005633473294438e+00,2.872643263990045526e+01,3.075390247778824104e+01,1.947169866742025190e+00,2.549999999999908340e+00,3.075390247778824104e+01,1.947169866742025190e+00,2.967297126645944871e+01,2.453889520120914547e+00
7.130921913632455471e+02,1.908005633473294438e+00,2.873163324543567043e+01,3.076352225359993398e+01,1.946471421024350112e+00,2.549999999999901235e+00,3.076352225359993398e+01,1.946471421024350112e+00,2.968070870388546112e+01,2.453654842844332329e+00
7.153631699419458982e+02,2.270978578700351136e+00,2.873784590742010892e+01,3.077496039632729818e+01,1.945641665091023320e+00,2.549999999999891465e+00,3.077496039632729818e+01,1.945641665091023320e+00,2.968992612281747867e+01,2.453375634443963005e+00
7.176341485206462494e+02,2.270978578700351136e+00,2.874408328644590682e+01,3.078638665408960762e+01,1.944813596719276338e+00,2.549999999999880806e+00,3.078638665408960762e+01,1.944813596719276338e+00,2.969915230658273231e+01,2.453096548775242081e+00
7.199051270993466005e+02,2.270978578700351136e+00,2.875034542032155827e+01,3.079780181175304321e+01,1.943987207724858557e+00,2.549999999999869704e+00,3.079780181175304321e+01,1.943987207724858557e+00,2.970838728577412624e+01,2.452817585593493277e+00
7.200000000000000000e+02,9.487290065339948342e-02,2.875060756785577709e+01,3.079827846335672703e+01,1.943952720740469653e+00,2.549999999999868816e+00,3.079827846335672703e+01,1.943952720740469653e+00,2.970877328012138818e+01,2.452805934228044826e+00
7.200000318141367188e+02,3.181413671882182825e-05,2.875060765577009292e+01,3.079827862320270881e+01,1.943952709176291371e+00,2.549999999999868816e+00,3.079827862320270881e+01,1.943952709176291371e+00,2.970877340956111823e+01,2.452805930320978156e+00
7.200000636282734376e+02,3.181413671882182825e-05,2.875060774368441230e+01,3.079827878305559707e+01,1.943952697612114200e+00,2.549999999999868816e+00,3.079827878305559707e+01,1.943952697612114200e+00,2.970877353900084827e+01,2.452805926413911930e+00
7.200003817696406259e+02,3.181413671882182825e-04,2.875060862282804308e+01,3.079828038183109840e+01,1.943952581970399329e+00,2.549999999999868816e+00,3.079828038183109840e+01,1.943952581970399329e+00,2.970877483339856795e+01,2.452805887343248337e+00
7.200006999110078141e+02,3.181413671882182825e-04,2.875060950197215348e+01,3.079828198079588830e+01,1.943952466328739748e+00,2.549999999999868816e+00,3.079828198079588830e+01,1.943952466328739748e+00,2.970877612779673171e+01,2.452805848272586964e+00
7.200038813246796963e+02,3.181413671882182825e-03,2.875061829345502673e+01,3.079829797800581304e+01,1.943951309915827208e+00,2.549999999999868816e+00,3.079829797800581304e+01,1.943951309915827208e+00,2.970878907181858253e+01,2.452805457566184621e+00
7.200070627383515784e+02,3.181413671882182825e-03,2.875062708498549569e+01,3.079831398111111085e+01,1.943950153506794454e+00,2.549999999999868816e+00,3.079831398111111085e+01,1.943950153506794454e+00,2.970880201588613545e+01,2.452805066860016314e+00
7.200162945202315541e+02,9.231781879975642369e-03,2.875065259637486648e+01,3.079836043964649406e+01,1.943946797874320787e+00,2.549999999999868816e+00,3.079836043964649406e+01,1.943946797874320787e+00,2.970883957703971490e+01,2.452803933115528690e+00
7.200255263021115297e+02,9.231781879975642369e-03,2.875067810816003444e+01,3.079840692559415771e+01,1.943943442271647948e+00,2.549999999999868816e+00,3.079840692559415771e+01,1.943943442271647948e+00,2.970887713857292312e+01,2.452802799372996390e+00
7.200347580839915054e+02,9.231781879975642369e-03,2.875070362035094007e+01,3.079845343303449212e+01,1.943940086698774605e+00,2.549999999999868816e+00,3.079845343303449212e+01,1.943940086698774605e+00,2.970891470049504335e+01,2.452801665632468264e+00
7.200518188829735209e+02,1.706079898201551259e-02,2.875075076924149187e+01,3.079853942826480306e+01,1.943933885508454695e+00,2.549999999999868816e+00,3.079853942826480306e+01,1.943933885508454695e+00,2.970898411785203308e+01,2.452799570428041420e+00
7.200688796819555364e+02,1.706079898201551259e-02,2.875079791953433883e+01,3.079862547332513500e+01,1.943927684418349955e+00,2.549999999999868816e+00,3.079862547332513500e+01,1.943927684418349955e+00,2.970905353655133752e+01,2.452797475230541924e+00
7.200859404809375519e+02,1.706079898201551259e-02,2.875084507122862831e+01,3.079871156165971868e+01,1.943921483427657249e+00,2.549999999999868816e+00,3.079871156165971868e+01,1.943921483427657249e+00,2.970912295659115188e+01,2.452795380039967554e+00
7.201030012799195674e+02,1.706079898201551259e-02,2.875089222432232106e+01,3.079879768899954939e+01,1.943915282535751077e+00,2.549999999999868816e+00,3.079879768899954939e+01,1.943915282535751077e+00,2.970919237796868373e+01,2.452793284856304545e+00
7.201325392126130964e+02,2.953793269352900097e-02,2.875097386536122812e+01,3.079894688685752868e+01,1.943904546956372270e+00,2.549999999999868372e+00,3.079894688685752868e+01,1.943904546956372270e+00,2.970931257268526693e+01,2.452789657411000857e+00
7.201620771453066254e+02,2.953793269352900097e-02,2.875105551059409237e+01,3.079909617778352882e+01,1.943893811670319050e+00,2.549999999999868372e+00,3.079909617778352882e+01,1.943893811670319050e+00,2.970943277140517935e+01,2.452786029986413929e+00
7.201916150780001544e+02,2.953793269352900097e-02,2.875113716002176645e+01,3.079924555231383465e+01,1.943883076676555133e+00,2.549999999999868372e+00,3.079924555231383465e+01,1.943883076676555133e+00,2.970955297412608331e+01,2.452782402582548649e+00
7.202211530106936834e+02,2.953793269352900097e-02,2.875121881364477971e+01,3.079939500373768979e+01,1.943872341974332674e+00,2.549999999999867928e+00,3.079939500373768979e+01,1.943872341974332674e+00,2.970967318084564468e+01,2.452778775199405015e+00
7.202718299875452885e+02,5.067697685160510446e-02,2.875135891307190050e+01,3.079965157582546098e+01,1.943853925579019259e+00,2.549999999999867484e+00,3.079965157582546098e+01,1.943853925579019259e+00,2.970987942371784030e+01,2.452772551900445741e+00
7.203225069643968936e+02,5.067697685160510446e-02,2.875149902484838904e+01,3.079990833678154871e+01,1.943835510037457581e+00,2.549999999999867484e+00,3.079990833678154871e+01,1.943835510037457581e+00,2.971008567834050140e+01,2.452766328662476347e+00
7.203731839412484987e+02,5.067697685160510446e-02,2.875163914897451534e+01,3.080016527004099203e+01,1.943817095347672330e+00,2.549999999999867040e+00,3.080016527004099203e+01,1.943817095347672330e+00,2.971029194470270696e+01,2.452760105485494613e+00
7.204238609181001038e+02,5.067697685160510446e-02,2.875177928545063821e+01,3.080042236307764369e+01,1.943798681508151160e+00,2.549999999999867040e+00,3.080042236307764369e+01,1.943798681508151160e+00,2.971049822279452712e+01,2.452753882369495653e+00
7.204986122876200625e+02,7.475136951995864365e-02,2.875198601711990776e+01,3.080080186069359627e+01,1.943771521616612485e+00,2.549999999999866152e+00,3.080080186069359627e+01,1.943771521616612485e+00,2.971080251588645282e+01,2.452744703037352370e+00
7.205733636571400211e+02,7.475136951995864365e-02,2.875219277566256082e+01,3.080118165691487420e+01,1.943744363569039679e+00,2.549999999999866152e+00,3.080118165691487420e+01,1.943744363569039679e+00,2.971110683445255773e+01,2.452735523837881626e+00
7.206481150266599798e+02,7.475136951995864365e-02,2.875239956107998651e+01,3.080156173007250331e+01,1.943717207362692045e+00,2.549999999999865707e+00,3.080156173007250331e+01,1.943717207362692045e+00,2.971141117846754653e+01,2.452726344771075873e+00
7.207228663961799384e+02,7.475136951995864365e-02,2.875260637337357039e+01,3.080194206276348368e+01,1.943690052995310724e+00,2.549999999999865263e+00,3.080194206276348368e+01,1.943690052995310724e+00,2.971171554790795355e+01,2.452717165836925339e+00
7.208317356277714225e+02,1.088692315914840947e-01,2.875290762657555632e+01,3.080249642026640444e+01,1.943650508174480374e+00,2.549999999999864819e+00,3.080249642026640444e+01,1.943650508174480374e+00,2.971215888244028491e+01,2.452703797710322764e+00
7.209406048593629066e+02,1.088692315914840947e-01,2.875320893679313983e+01,3.080305125995603177e+01,1.943610967245135157e+00,2.549999999999863931e+00,3.080305125995603177e+01,1.943610967245135157e+00,2.971260227079343963e+01,2.452690429865056476e+00
7.210494740909543907e+02,1.088692315914840947e-01,2.875351030403057706e+01,3.080360655097146605e+01,1.943571430202886807e+00,2.549999999999863487e+00,3.080360655097146605e+01,1.943571430202886807e+00,2.971304571290802343e+01,2.452677062301099831e+00
7.211583433225458748e+02,1.088692315914840947e-01,2.875381172829212062e+01,3.080416226703868787e+01,1.943531897043866419e+00,2.549999999999862599e+00,3.080416226703868787e+01,1.943531897043866419e+00,2.971348920872817700e+01,2.452663695018423518e+00
7.212672125541373589e+02,1.088692315914840947e-01,2.875411320958202666e+01,3.080471838571141063e+01,1.943492367764639184e+00,2.549999999999862155e+00,3.080471838571141063e+01,1.943492367764639184e+00,2.971393275820105018e+01,2.452650328017003112e+00
7.214408625709858143e+02,1.736500168484553797e-01,2.875459420022307455e+01,3.080560619924420251e+01,1.943429325281859521e+00,2.549999999999861267e+00,3.080560619924420251e+01,1.943429325281859521e+00,2.971464034516140984e+01,2.452629007790665838e+00
7.216145125878342697e+02,1.736500168484553797e-01,2.875507533597976106e+01,3.080649492227708919e+01,1.943366292650880789e+00,2.549999999999860378e+00,3.080649492227708919e+01,1.943366292650880789e+00,2.971534806830260678e+01,2.452607688279698550e+00
7.217881626046827250e+02,1.736500168484553797e-01,2.875555661686932041e+01,3.080738449977328841e+01,1.943303269861845983e+00,2.549999999999859046e+00,3.080738449977328841e+01,1.943303269861845983e+00,2.971605592744548119e+01,2.452586369483991113e+00
7.219618126215311804e+02,1.736500168484553797e-01,2.875603804290898324e+01,3.080827488451714302e+01,1.943240256905784724e+00,2.549999999999858602e+00,3.080827488451714302e+01,1.943240256905784724e+00,2.971676392242100562e+01,2.452565051403434726e+00
7.221354626383796358e+02,1.736500168484553797e-01,2.875651961411596247e+01,3.080916603565555434e+01,1.943177253774449387e+00,2.549999999999857270e+00,3.080916603565555434e+01,1.943177253774449387e+00,2.971747205306895268e+01,2.452543734037921030e+00
7.223738251941392718e+02,2.383625557596360522e-01,2.875718088441797704e+01,3.081039046727678610e+01,1.943090787836267319e+00,2.549999999999855937e+00,3.081039046727678610e+01,1.943090787836267319e+00,2.971844429684311706e+01,2.452514473691993491e+00
7.226121877498989079e+02,2.383625557596360522e-01,2.875784242832074966e+01,3.081161619721559930e+01,1.943004340377131101e+00,2.549999999999854605e+00,3.081161619721559930e+01,1.943004340377131101e+00,2.971941679559092719e+01,2.452485214692857074e+00
7.228505503056585439e+02,2.383625557596360522e-01,2.875850424586868925e+01,3.081284315758925629e+01,1.942917911380004359e+00,2.549999999999853273e+00,3.081284315758925629e+01,1.942917911380004359e+00,2.972038954895951335e+01,2.452455957040232448e+00
7.230889128614181800e+02,2.383625557596360522e-01,2.875916633710613723e+01,3.081407128898242576e+01,1.942831500828817726e+00,2.549999999999851497e+00,3.081407128898242576e+01,1.942831500828817726e+00,2.972136255661348869e+01,2.452426700733836729e+00
7.233272754171778161e+02,2.383625557596360522e-01,2.875982870207736397e+01,3.081530053899921029e+01,1.942745108708304524e+00,2.549999999999850164e+00,3.081530053899921029e+01,1.942745108708304524e+00,2.972233581823286030e+01,2.452397445773389251e+00
7.236512211487247441e+02,3.239457315469280729e-01,2.876072932557278605e+01,3.081697285697730138e+01,1.942627727341809107e+00,2.549999999999848388e+00,3.081697285697730138e+01,1.942627727341809107e+00,2.972365893232789347e+01,2.452357689086921866e+00
7.239751668802716722e+02,3.239457315469280729e-01,2.876163045484866032e+01,3.081864705341083166e+01,1.942510379955031175e+00,2.549999999999846612e+00,3.081864705341083166e+01,1.942510379955031175e+00,2.972498251420228144e+01,2.452317934885204664e+00
7.242991126118186003e+02,3.239457315469280729e-01,2.876253209001539446e+01,3.082032303908983550e+01,1.942393066514510824e+00,2.549999999999844391e+00,3.082032303908983550e+01,1.942393066514510824e+00,2.972630656316018971e+01,2.452278183167535097e+00
7.246230583433655283e+02,3.239457315469280729e-01,2.876343423118305154e+01,3.082200073501142512e+01,1.942275786987971209e+00,2.549999999999842615e+00,3.082200073501142512e+01,1.942275786987971209e+00,2.972763107853732834e+01,2.452238433933207951e+00
7.249470040749124564e+02,3.239457315469280729e-01,2.876433687846133935e+01,3.082368007072653526e+01,1.942158541344132461e+00,2.549999999999840394e+00,3.082368007072653526e+01,1.942158541344132461e+00,2.972895605969748445e+01,2.452198687181522008e+00
7.253703705870244676e+02,4.233665121120111507e-01,2.876551731642402032e+01,3.082587717167921681e+01,1.942005363373986437e+00,2.549999999999837730e+00,3.082587717167921681e+01,1.942005363373986437e+00,2.973068838621732723e+01,2.452146745667828309e+00
7.257937370991364787e+02,4.233665121120111507e-01,2.876669861925439520e+01,3.082807684077067734e+01,1.941852243157597524e+00,2.549999999999834621e+00,3.082807684077067734e+01,1.941852243157597524e+00,2.973242150594920830e+01,2.452094808391726666e+00
7.262171036112484899e+02,4.233665121120111507e-01,2.876788078719397390e+01,3.083027896725543471e+01,1.941699180630623411e+00,2.549999999999831957e+00,3.083027896725543471e+01,1.941699180630623411e+00,2.973415541764675751e+01,2.452042875351652107e+00
7.266404701233605010e+02,4.233665121120111507e-01,2.876906382048277422e+01,3.083248345204754060e+01,1.941546175730122670e+00,2.549999999999829292e+00,3.083248345204754060e+01,1.941546175730122670e+00,2.973589012011514399e+01,2.451990946546041883e+00
7.270638366354725122e+02,4.233665121120111507e-01,2.877024771935922942e+01,3.083469020596274035e+01,1.941393228394355797e+00,2.549999999999826183e+00,3.083469020596274035e+01,1.941393228394355797e+00,2.973762561220589618e+01,2.451939021973336796e+00
7.276018036133862097e+02,5.379669779136975194e-01,2.877175333523029011e+01,3.083749745024978850e+01,1.941198962918053272e+00,2.549999999999822631e+00,3.083749745024978850e+01,1.941198962918053272e+00,2.973983201955525146e+01,2.451873048117746201e+00
7.281397705912999072e+02,5.379669779136975194e-01,2.877326034958533185e+01,3.084030808007311109e+01,1.941004790168256555e+00,2.549999999999818634e+00,3.084030808007311109e+01,1.941004790168256555e+00,2.974203969790290714e+01,2.451807081091099239e+00
7.286777375692136047e+02,5.379669779136975194e-01,2.877476876290059948e+01,3.084312196264386685e+01,1.940810710024539754e+00,2.549999999999815081e+00,3.084312196264386685e+01,1.940810710024539754e+00,2.974424864515648537e+01,2.451741120890207792e+00
7.292157045471273022e+02,5.379669779136975194e-01,2.877627857564680269e+01,3.084593897816126429e+01,1.940616722368156744e+00,2.549999999999811084e+00,3.084593897816126429e+01,1.940616722368156744e+00,2.974645885930257094e+01,2.451675167511884190e+00
7.297536715250409998e+02,5.379669779136975194e-01,2.877778978828876078e+01,3.084875901798925213e+01,1.940422827081832891e+00,2.549999999999807088e+00,3.084875901798925213e+01,1.940422827081832891e+00,2.974867033839937491e+01,2.451609220952945645e+00
7.304215224427530302e+02,6.678509177120304230e-01,2.877966780858503881e+01,3.085226397314023927e+01,1.940182247069405452e+00,2.549999999999801759e+00,3.085226397314023927e+01,1.940182247069405452e+00,2.975141750257569839e+01,2.451527362083972150e+00
7.310893733604650606e+02,6.678509177120304230e-01,2.878154798791437941e+01,3.085577326594423653e+01,1.939941809015991447e+00,2.549999999999796430e+00,3.085577326594423653e+01,1.939941809015991447e+00,2.975416660989326090e+01,2.451445513713796043e+00
7.317572242781770910e+02,6.678509177120304230e-01,2.878343032712308514e+01,3.085928674196233956e+01,1.939701512704588682e+00,2.549999999999791100e+00,3.085928674196233956e+01,1.939701512704588682e+00,2.975691765701737523e+01,2.451363675836352396e+00
7.324250751958891215e+02,6.678509177120304230e-01,2.878531482703960265e+01,3.086280426091994755e+01,1.939461357920285289e+00,2.549999999999785771e+00,3.086280426091994755e+01,1.939461357920285289e+00,2.975967064072793633e+01,2.451281848445587386e+00
7.330929261136011519e+02,6.678509177120304230e-01,2.878720148847349236e+01,3.086632569484749311e+01,1.939221344450044793e+00,2.549999999999779998e+00,3.086632569484749311e+01,1.939221344450044793e+00,2.976242555790935640e+01,2.451200031535458290e+00
7.339229400946372834e+02,8.300139810361315540e-01,2.878954927002676101e+01,3.087070746046736502e+01,1.938923249155989792e+00,2.549999999999772893e+00,3.087070746046736502e+01,1.938923249155989792e+00,2.976585209566878731e+01,2.451098362991827262e+00
7.347529540756734150e+02,8.300139810361315540e-01,2.879190039291608372e+01,3.087509488806270141e+01,1.938625371404817388e+00,2.549999999999765343e+00,3.087509488806270141e+01,1.938625371404817388e+00,2.976928160957210778e+01,2.450996710615536145e+00
7.355829680567095465e+02,8.300139810361315540e-01,2.879425485855957234e+01,3.087948779189008164e+01,1.938327710797449033e+00,2.549999999999757794e+00,3.087948779189008164e+01,1.938327710797449033e+00,2.977271409419987336e+01,2.450895074395042172e+00
7.364129820377456781e+02,8.300139810361315540e-01,2.879661266831992705e+01,3.088388600280537233e+01,1.938030266937814661e+00,2.549999999999749800e+00,3.088388600280537233e+01,1.938030266937814661e+00,2.977614954430527305e+01,2.450793454318817677e+00
7.372429960187818097e+02,8.300139810361315540e-01,2.879897382350175405e+01,3.088828936615148635e+01,1.937733039432607551e+00,2.549999999999741807e+00,3.088828936615148635e+01,1.937733039432607551e+00,2.977958795479934651e+01,2.450691850375360747e+00
7.380730099998179412e+02,8.300139810361315540e-01,2.880133832534894012e+01,3.089269773989155254e+01,1.937436027891066503e+00,2.549999999999733369e+00,3.089269773989155254e+01,1.937436027891066503e+00,2.978302932073765419e+01,2.450590262553188570e+00
7.392907539522368552e+02,1.217743952418913977e+00,2.880481343202033528e+01,3.089917422313492423e+01,1.937000661407643820e+00,2.549999999999720490e+00,3.089917422313492423e+01,1.937000661407643820e+00,2.978808361368698243e+01,2.450441248486084689e+00
7.405084979046557692e+02,1.217743952418913977e+00,2.880829574835334128e+01,3.090566083483685134e+01,1.936565757730235093e+00,2.549999999999707168e+00,3.090566083483685134e+01,1.936565757730235093e+00,2.979314424314246779e+01,2.450292269059102246e+00
7.417262418570746831e+02,1.217743952418913977e+00,2.881178527749775498e+01,3.091215723677571248e+01,1.936131315650190254e+00,2.549999999999693401e+00,3.091215723677571248e+01,1.936131315650190254e+00,2.979821119488587300e+01,2.450143324236218501e+00
7.429439858094935971e+02,1.217743952418913977e+00,2.881528202226821733e+01,3.091866312369794301e+01,1.935697333967631106e+00,2.549999999999678746e+00,3.091866312369794301e+01,1.935697333967631106e+00,2.980328445515827696e+01,2.449994413981506636e+00
7.441617297619125111e+02,1.217743952418913977e+00,2.881878598513032586e+01,3.092517821873276773e+01,1.935263811490891994e+00,2.549999999999663647e+00,3.092517821873276773e+01,1.935263811490891994e+00,2.980836401061683461e+01,2.449845538259130429e+00
7.453794737143314251e+02,1.217743952418913977e+00,2.882229716818763876e+01,3.093170226943930956e+01,1.934830747036036414e+00,2.549999999999648104e+00,3.093170226943930956e+01,1.934830747036036414e+00,2.981344984829634370e+01,2.449696697033348247e+00
7.468801035971080182e+02,1.500629882776593149e+00,2.882663394408842450e+01,3.093975385568772651e+01,1.934297708519532755e+00,2.549999999999627676e+00,3.093975385568772651e+01,1.934297708519532755e+00,2.981972576494401039e+01,2.449513326895740750e+00
7.483807334798846114e+02,1.500629882776593149e+00,2.883098168940244221e+01,3.094781829776421134e+01,1.933765361568399843e+00,2.549999999999605915e+00,3.094781829776421134e+01,1.933765361568399843e+00,2.982601117948590286e+01,2.449330009023019006e+00
7.498813633626612045e+02,1.500629882776593149e+00,2.883534040564374124e+01,3.095589523855726455e+01,1.933233704010739906e+00,2.549999999999583267e+00,3.095589523855726455e+01,1.933233704010739906e+00,2.983230606961844700e+01,2.449146743348871169e+00
7.513819932454377977e+02,1.500629882776593149e+00,2.883971009338608127e+01,3.096398435321407305e+01,1.932702733689386942e+00,2.549999999999559286e+00,3.096398435321407305e+01,1.932702733689386942e+00,2.983861041363821798e+01,2.448963529807189676e+00
7.528826231282143908e+02,1.500629882776593149e+00,2.884409075224183283e+01,3.097208534491354470e+01,1.932172448461330738e+00,2.549999999999533973e+00,3.097208534491354470e+01,1.932172448461330738e+00,2.984492419038884847e+01,2.448780368332076129e+00
7.543832530109909840e+02,1.500629882776593149e+00,2.884848238084420657e+01,3.098019794128089899e+01,1.931642846197218377e+00,2.549999999999507772e+00,3.098019794128089899e+01,1.931642846197218377e+00,2.985124737921426430e+01,2.448597258857835524e+00
7.562296793183829777e+02,1.846426307391993760e+00,2.885390103993388067e+01,3.099019551223350177e+01,1.930992139505092187e+00,2.549999999999473133e+00,3.099019551223350177e+01,1.930992139505092187e+00,2.985904053236152222e+01,2.448372025959971499e+00
7.580761056257749715e+02,1.846426307391993760e+00,2.885933629675014345e+01,3.100020984573411909e+01,1.930342459680499889e+00,2.549999999999436717e+00,3.100020984573411909e+01,1.930342459680499889e+00,2.986684786779332867e+01,2.448146871569067073e+00
7.599225319331669652e+02,1.846426307391993760e+00,2.886478814248922831e+01,3.101024055169991556e+01,1.929693802836715433e+00,2.549999999999397193e+00,3.101024055169991556e+01,1.929693802836715433e+00,2.987466934964414023e+01,2.447921795564003578e+00
7.617689582405589590e+02,1.846426307391993760e+00,2.887025656602271795e+01,3.102028727332282898e+01,1.929046165114832290e+00,2.549999999999355449e+00,3.102028727332282898e+01,1.929046165114832290e+00,2.988250494285696846e+01,2.447696797824124637e+00
7.636153845479509528e+02,1.846426307391993760e+00,2.887574155390522890e+01,3.103034968295400020e+01,1.928399542683061796e+00,2.549999999999311484e+00,3.103034968295400020e+01,1.928399542683061796e+00,2.989035461311577180e+01,2.447471878229225517e+00
7.654618108553429465e+02,1.846426307391993760e+00,2.888124309039496040e+01,3.104042747859022455e+01,1.927753931736101434e+00,2.549999999999264411e+00,3.104042747859022455e+01,1.927753931736101434e+00,2.989821832678553548e+01,2.447247036659551345e+00
7.677205449856909354e+02,2.258734130347988867e+00,2.888799560012342837e+01,3.105277616737116375e+01,1.926965525555232706e+00,2.549999999999202682e+00,3.105277616737116375e+01,1.926965525555232706e+00,2.990785706045437564e+01,2.446972093797317171e+00
7.699792791160389243e+02,2.258734130347988867e+00,2.889477280971762596e+01,3.106514699356492670e+01,1.926178620503854022e+00,2.549999999999136069e+00,3.106514699356492670e+01,1.926178620503854022e+00,2.991751670097835358e+01,2.446697267301018996e+00
7.722380132463869131e+02,2.258734130347988867e+00,2.890157467693752835e+01,3.107753952617728643e+01,1.925393209770662750e+00,2.549999999999064570e+00,3.107753952617728643e+01,1.925393209770662750e+00,2.992719719030185033e+01,2.446422556954149119e+00
7.744967473767349020e+02,2.258734130347988867e+00,2.890840115496886398e+01,3.108995336903610962e+01,1.924609286598917501e+00,2.549999999998987299e+00,3.108995336903610962e+01,1.924609286598917501e+00,2.993689847146447391e+01,2.446147962541176835e+00
7.767554815070828909e+02,2.258734130347988867e+00,2.891525219267311186e+01,3.110238815665508483e+01,1.923826844285397186e+00,2.549999999998904698e+00,3.110238815665508483e+01,1.923826844285397186e+00,2.994662048851449754e+01,2.445873483847548879e+00
7.790142156374308797e+02,2.258734130347988867e+00,2.892212773486870958e+01,3.111484355066492569e+01,1.923045876179434899e+00,2.549999999998815436e+00,3.111484355066492569e+01,1.923045876179434899e+00,2.995636318643155249e+01,2.445599120659675219e+00
7.800000000000000000e+02,9.857843625691202760e-01,2.892513610917219324e+01,3.112028586427690158e+01,1.922705496943702519e+00,2.549999999998774136e+00,3.112028586427690158e+01,1.922705496943702519e+00,2.996062168241858004e+01,2.445479415874509233e+00
7.800000311316425723e+02,3.113164257229072973e-05,2.892513620425187426e+01,3.112028603619416245e+01,1.922705486198739155e+00,2.549999999998774136e+00,3.112028603619416245e+01,1.922705486198739155e+00,2.996062181696634497e+01,2.445479412094508476e+00
7.800000622632851446e+02,3.113164257229072973e-05,2.892513629933156238e+01,3.112028620810235324e+01,1.922705475453778012e+00,2.549999999998774136e+00,3.112028620810235324e+01,1.922705475453778012e+00,2.996062195151411345e+01,2.445479408314508607e+00
7.800003735797108675e+02,3.113164257229072973e-04,2.892513725012882375e+01,3.112028792686071910e+01,1.922705368004274273e+00,2.549999999998774136e+00,3.112028792686071910e+01,1.922705368004274273e+00,2.996062329699179116e+01,2.445479370514510364e+00
7.800006848961365904e+02,3.113164257229072973e-04,2.892513820092653631e+01,3.112028964537078579e+01,1.922705260554859352e+00,2.549999999998774136e+00,3.112028964537078579e+01,1.922705260554859352e+00,2.996062464246946178e+01,2.445479332714514786e+00
7.800037980603938195e+02,3.113164257229072973e-03,2.892514770894352694e+01,3.112030682055750574e+01,1.922704186065458787e+00,2.549999999998774136e+00,3.112030682055750574e+01,1.922704186065458787e+00,2.996063809724708804e+01,2.445478954714743303e+00
7.800069112246510485e+02,3.113164257229072973e-03,2.892515721700588927e+01,3.112032398801887467e+01,1.922703111580607693e+00,2.549999999998774136e+00,3.112032398801887467e+01,1.922703111580607693e+00,2.996065155202565577e+01,2.445478576715187646e+00
7.800152119124346655e+02,8.300687783616922388e-03,2.892518256873270133e+01,3.112036973803872897e+01,1.922700246679505343e+00,2.549999999998773692e+00,3.112036973803872897e+01,1.922700246679505343e+00,2.996068742675648977e+01,2.445477568848903438e+00
7.800235126002182824e+02,8.300687783616922388e-03,2.892520792077713310e+01,3.112041545726620839e+01,1.922697381804752581e+00,2.549999999998773248e+00,3.112041545726620839e+01,1.922697381804752581e+00,2.996072330149437946e+01,2.445476560984127357e+00
7.800318132880018993e+02,8.300687783616922388e-03,2.892523327314783899e+01,3.112046115203618513e+01,1.922694516955381294e+00,2.549999999998772804e+00,3.112046115203618513e+01,1.922694516955381294e+00,2.996075917623974405e+01,2.445475553120901591e+00
7.800470865856093496e+02,1.527329760745033127e-02,2.892527992246563429e+01,3.112054517713623625e+01,1.922689245685644144e+00,2.549999999998772360e+00,3.112054517713623625e+01,1.922689245685644144e+00,2.996082518593020794e+01,2.445473698652743000e+00
7.800623598832168000e+02,1.527329760745033127e-02,2.892532657290234255e+01,3.112062914553925808e+01,1.922683974496576464e+00,2.549999999998771472e+00,3.112062914553925808e+01,1.922683974496576464e+00,2.996089119564818049e+01,2.445471844189897936e+00
7.800776331808242503e+02,1.527329760745033127e-02,2.892537322445719994e+01,3.112071306474500076e+01,1.922678703386374144e+00,2.549999999998771028e+00,3.112071306474500076e+01,1.922678703386374144e+00,2.996095720539462803e+01,2.445469989732362404e+00
7.800929064784317006e+02,1.527329760745033127e-02,2.892541987712842300e+01,3.112079693962564875e+01,1.922673432353787515e+00,2.549999999998770139e+00,3.112079693962564875e+01,1.922673432353787515e+00,2.996102321517034994e+01,2.445468135280129296e+00
7.801188912337842112e+02,2.598475535251054680e-02,2.892549925078136397e+01,3.112093954610271140e+01,1.922664464820435404e+00,2.549999999998769251e+00,3.112093954610271140e+01,1.922664464820435404e+00,2.996113551894230298e+01,2.445464980277011424e+00
7.801448759891367217e+02,2.598475535251054680e-02,2.892557862766471644e+01,3.112108205015227824e+01,1.922655497505618927e+00,2.549999999998767919e+00,3.112108205015227824e+01,1.922655497505618927e+00,2.996124782280443810e+01,2.445461825289234614e+00
7.801708607444892323e+02,2.598475535251054680e-02,2.892565800777903107e+01,3.112122446206954507e+01,1.922646530406954213e+00,2.549999999998767031e+00,3.112122446206954507e+01,1.922646530406954213e+00,2.996136012675973959e+01,2.445458670316801975e+00
7.801968454998417428e+02,2.598475535251054680e-02,2.892573739112456721e+01,3.112136678921501343e+01,1.922637563522729298e+00,2.549999999998766143e+00,3.112136678921501343e+01,1.922637563522729298e+00,2.996147243081091815e+01,2.445455515359714393e+00
7.802411230532405853e+02,4.427755339884242858e-02,2.892587266635392851e+01,3.112160913254693639e+01,1.922622284604396103e+00,2.549999999998763922e+00,3.112160913254693639e+01,1.922622284604396103e+00,2.996166379511174327e+01,2.445450139405216827e+00
7.802854006066394277e+02,4.427755339884242858e-02,2.892600795096440081e+01,3.112185127026341647e+01,1.922607006299118071e+00,2.549999999998762146e+00,3.112185127026341647e+01,1.922607006299118071e+00,2.996185515970930524e+01,2.445444763495272067e+00
7.803296781600382701e+02,4.427755339884242858e-02,2.892614324495538369e+01,3.112209322031863579e+01,1.922591728602631722e+00,2.549999999998760369e+00,3.112209322031863579e+01,1.922591728602631722e+00,2.996204652461384654e+01,2.445439387629876116e+00
7.803739557134371125e+02,4.427755339884242858e-02,2.892627854832635492e+01,3.112233499635370748e+01,1.922576451511689211e+00,2.549999999998758149e+00,3.112233499635370748e+01,1.922576451511689211e+00,2.996223788983474989e+01,2.445434011809026309e+00
7.804388362206684633e+02,6.488050723135074804e-02,2.892647682715594115e+01,3.112268898201667611e+01,1.922554066868911393e+00,2.549999999998755484e+00,3.112268898201667611e+01,1.922554066868911393e+00,2.996251830051097897e+01,2.445426134625347192e+00
7.805037167278998140e+02,6.488050723135074804e-02,2.892667512612327485e+01,3.112304264671736576e+01,1.922531683513722500e+00,2.549999999998752820e+00,3.112304264671736576e+01,1.922531683513722500e+00,2.996279871191056543e+01,2.445418257537309348e+00
7.805685972351311648e+02,6.488050723135074804e-02,2.892687344522687809e+01,3.112339601376131526e+01,1.922509301440507690e+00,2.549999999998750155e+00,3.112339601376131526e+01,1.922509301440507690e+00,2.996307912405707441e+01,2.445410380544905671e+00
7.806334777423625155e+02,6.488050723135074804e-02,2.892707178446525873e+01,3.112374910193021549e+01,1.922486920644710606e+00,2.549999999998747047e+00,3.112374910193021549e+01,1.922486920644710606e+00,2.996335953697240129e+01,2.445402503648132164e+00
7.807279417176988545e+02,9.446397533633899002e-02,2.892736059614634669e+01,3.112426272108633896e+01,1.922454337186805029e+00,2.549999999998743050e+00,3.112426272108633896e+01,1.922454337186805029e+00,2.996376781076328655e+01,2.445391035305451766e+00
7.808224056930351935e+02,9.446397533633899002e-02,2.892764945050223702e+01,3.112477582297776024e+01,1.922421756418697614e+00,2.549999999998739053e+00,3.112477582297776024e+01,1.922421756418697614e+00,2.996417608628678764e+01,2.445379567165464785e+00
7.809168696683715325e+02,9.446397533633899002e-02,2.892793834752830762e+01,3.112528844106883952e+01,1.922389178332065462e+00,2.549999999998735056e+00,3.112528844106883952e+01,1.922389178332065462e+00,2.996458436359814925e+01,2.445368099228153014e+00
7.810113336437078715e+02,9.446397533633899002e-02,2.892822728721992220e+01,3.112580060388843961e+01,1.922356602919742530e+00,2.549999999998730615e+00,3.112580060388843961e+01,1.922356602919742530e+00,2.996499264274929786e+01,2.445356631493501798e+00
7.811057976190442105e+02,9.446397533633899002e-02,2.892851626957243738e+01,3.112631233585029733e+01,1.922324030175526444e+00,2.549999999998726619e+00,3.112631233585029733e+01,1.922324030175526444e+00,2.996540092378936748e+01,2.445345163961494261e+00
7.812557274242458334e+02,1.499298052016229121e-01,2.892897501948758787e+01,3.112712370474935142e+01,1.922272337358772898e+00,2.549999999998720401e+00,3.112712370474935142e+01,1.922272337358772898e+00,2.996604893668180125e+01,2.445326963525449315e+00
7.814056572294474563e+02,1.499298052016229121e-01,2.892943387683895651e+01,3.112793411188130932e+01,1.922220651231113742e+00,2.549999999998713740e+00,3.112793411188130932e+01,1.922220651231113742e+00,2.996669695462434291e+01,2.445308763599777890e+00
7.815555870346490792e+02,1.499298052016229121e-01,2.892989284160780983e+01,3.112874361657078737e+01,1.922168971776720303e+00,2.549999999998707079e+00,3.112874361657078737e+01,1.922168971776720303e+00,2.996734497778049544e+01,2.445290564184414261e+00
7.817055168398507021e+02,1.499298052016229121e-01,2.893035191377537174e+01,3.112955226980007950e+01,1.922117298981719458e+00,2.549999999998700417e+00,3.112955226980007950e+01,1.922117298981719458e+00,2.996799300630426899e+01,2.445272365279297588e+00
7.818554466450523250e+02,1.499298052016229121e-01,2.893081109332280931e+01,3.113036011576140538e+01,1.922065632833829918e+00,2.549999999998693756e+00,3.113036011576140538e+01,1.922065632833829918e+00,2.996864104034147758e+01,2.445254166884360814e+00
7.820608371162051071e+02,2.053904711527820837e-01,2.893144030265350608e+01,3.113146555200159682e+01,1.921994865586089674e+00,2.549999999998684430e+00,3.113146555200159682e+01,1.921994865586089674e+00,2.996952879842029205e+01,2.445229237533219191e+00
7.822662275873578892e+02,2.053904711527820837e-01,2.893206971341504286e+01,3.113256963059358640e+01,1.921924110767263549e+00,2.549999999998675104e+00,3.113256963059358640e+01,1.921924110767263549e+00,2.997041656744210769e+01,2.445204309139230148e+00
7.824716180585106713e+02,2.053904711527820837e-01,2.893269932555845614e+01,3.113367242498814846e+01,1.921853368355195046e+00,2.549999999998665778e+00,3.113367242498814846e+01,1.921853368355195046e+00,2.997130434772457974e+01,2.445179381702228927e+00
7.826770085296634534e+02,2.053904711527820837e-01,2.893332913903460124e+01,3.113477399959726455e+01,1.921782638329848192e+00,2.549999999998656453e+00,3.113477399959726455e+01,1.921782638329848192e+00,2.997219213956903516e+01,2.445154455222052992e+00
7.828823990008162355e+02,2.053904711527820837e-01,2.893395915379412386e+01,3.113587441133450895e+01,1.921711920672947826e+00,2.549999999998646683e+00,3.113587441133450895e+01,1.921711920672947826e+00,2.997307994326237690e+01,2.445129529698540249e+00
7.831609140274641732e+02,2.785150266479377024e-01,2.893481379227041117e+01,3.113736483152068146e+01,1.921616045347781965e+00,2.549999999998633804e+00,3.113736483152068146e+01,1.921616045347781965e+00,2.997428384846651284e+01,2.445095731543297291e+00
7.834394290541121109e+02,2.785150266479377024e-01,2.893566880065321456e+01,3.113885331677917279e+01,1.921520192696802853e+00,2.549999999998620925e+00,3.113885331677917279e+01,1.921520192696802853e+00,2.997548777661043218e+01,2.445061935146471743e+00
7.837179440807600486e+02,2.785150266479377024e-01,2.893652417881780536e+01,3.114033996406558202e+01,1.921424362685007159e+00,2.549999999998607603e+00,3.114033996406558202e+01,1.921424362685007159e+00,2.997669172830952888e+01,2.445028140507660375e+00
7.839964591074079863e+02,2.785150266479377024e-01,2.893737992663881897e+01,3.114182485945724821e+01,1.921328555279952166e+00,2.549999999998594280e+00,3.114182485945724821e+01,1.921328555279952166e+00,2.997789570414969873e+01,2.444994347626458175e+00
7.842749741340559240e+02,2.785150266479377024e-01,2.893823604399027971e+01,3.114330807990583949e+01,1.921232770451346328e+00,2.549999999998580957e+00,3.114330807990583949e+01,1.921232770451346328e+00,2.997909970469044083e+01,2.444960556502463689e+00
7.846383699647809635e+02,3.633958307250395592e-01,2.893935362881109796e+01,3.114524092510881559e+01,1.921107827942807766e+00,2.549999999998563194e+00,3.114524092510881559e+01,1.921107827942807766e+00,2.998067067690080023e+01,2.444916469768465106e+00
7.850017657955060031e+02,3.633958307250395592e-01,2.894047184222375790e+01,3.114717117302424754e+01,1.920982923760931271e+00,2.549999999998545430e+00,3.114717117302424754e+01,1.920982923760931271e+00,2.998224169320669574e+01,2.444872386024366850e+00
7.853651616262310426e+02,3.633958307250395592e-01,2.894159068394387191e+01,3.114909894512930677e+01,1.920858057850114653e+00,2.549999999998527223e+00,3.114909894512930677e+01,1.920858057850114653e+00,2.998381275468807061e+01,2.444828305269277635e+00
7.857285574569560822e+02,3.633958307250395592e-01,2.894271015368540745e+01,3.115102435046686935e+01,1.920733230157705584e+00,2.549999999998509015e+00,3.115102435046686935e+01,1.920733230157705584e+00,2.998538386237618525e+01,2.444784227502308394e+00
7.860919532876811218e+02,3.633958307250395592e-01,2.894383025116071551e+01,3.115294748750724096e+01,1.920608440633564395e+00,2.549999999998490363e+00,3.115294748750724096e+01,1.920608440633564395e+00,2.998695501725844181e+01,2.444740152722571391e+00
7.865531070684010047e+02,4.611537807198828887e-01,2.894525257193537371e+01,3.115538484591526824e+01,1.920450136067763935e+00,2.549999999998466382e+00,3.115538484591526824e+01,1.920450136067763935e+00,2.998894890156534032e+01,2.444684225584083048e+00
7.870142608491208875e+02,4.611537807198828887e-01,2.894667590254716316e+01,3.115781885942639562e+01,1.920291892797004740e+00,2.549999999998442402e+00,3.115781885942639562e+01,1.920291892797004740e+00,2.999094286524859498e+01,2.444628303252970536e+00
7.874754146298407704e+02,4.611537807198828887e-01,2.894810024239764346e+01,3.116024967578934479e+01,1.920133710731602550e+00,2.549999999998417977e+00,3.116024967578934479e+01,1.920133710731602550e+00,2.999293691007573770e+01,2.444572385727425523e+00
7.879365684105606533e+02,4.611537807198828887e-01,2.894952559088466515e+01,3.116267742886467218e+01,1.919975589785219316e+00,2.549999999998393108e+00,3.116267742886467218e+01,1.919975589785219316e+00,2.999493103773876612e+01,2.444516473005642787e+00
7.883977221912805362e+02,4.611537807198828887e-01,2.895095194740247990e+01,3.116510224055583933e+01,1.919817529874410456e+00,2.549999999998367795e+00,3.116510224055583933e+01,1.919817529874410456e+00,2.999692524986097197e+01,2.444460565085819326e+00
7.889696050108574354e+02,5.718828195768992373e-01,2.895272218996539593e+01,3.116810536218513406e+01,1.919621602373993152e+00,2.549999999998336264e+00,3.116810536218513406e+01,1.919621602373993152e+00,2.999939841797925766e+01,2.444391239612291766e+00
7.895414878304343347e+02,5.718828195768992373e-01,2.895449398065303015e+01,3.117110432466718350e+01,1.919425768465060855e+00,2.549999999998303846e+00,3.117110432466718350e+01,1.919425768465060855e+00,3.000187172123403911e+01,2.444321921517407237e+00
7.901133706500112339e+02,5.718828195768992373e-01,2.895626731828889788e+01,3.117409930331121259e+01,1.919230028002449240e+00,2.549999999998270983e+00,3.117409930331121259e+01,1.919230028002449240e+00,3.000434516235400650e+01,2.444252610797744474e+00
7.906852534695881332e+02,5.718828195768992373e-01,2.895804220168938059e+01,3.117709045819582769e+01,1.919034380844775844e+00,2.549999999998237232e+00,3.117709045819582769e+01,1.919034380844775844e+00,3.000681874395615267e+01,2.444183307449882214e+00
7.912571362891650324e+02,5.718828195768992373e-01,2.895981862966408116e+01,3.118007793614038192e+01,1.918838826853974444e+00,2.549999999998203037e+00,3.118007793614038192e+01,1.918838826853974444e+00,3.000929246855501376e+01,2.444114011470412517e+00
7.919681217605184429e+02,7.109854713534105031e-01,2.896202930138337805e+01,3.118378715248397981e+01,1.918595836749036554e+00,2.549999999998159961e+00,3.118378715248397981e+01,1.918595836749036554e+00,3.001236809577154219e+01,2.444027870464031249e+00
7.926791072318718534e+02,7.109854713534105031e-01,2.896424235628980526e+01,3.118749113161997144e+01,1.918352990183471940e+00,2.549999999998115552e+00,3.118749113161997144e+01,1.918352990183471940e+00,3.001544395220660277e+01,2.443941740834699505e+00
7.933900927032252639e+02,7.109854713534105031e-01,2.896645779205718441e+01,3.119119009074187687e+01,1.918110286908535578e+00,2.549999999998070255e+00,3.119119009074187687e+01,1.918110286908535578e+00,3.001852004213516167e+01,2.443855622575891839e+00
7.941010781745786744e+02,7.109854713534105031e-01,2.896867560634695238e+01,3.119488422894756852e+01,1.917867726680214657e+00,2.549999999998024514e+00,3.119488422894756852e+01,1.917867726680214657e+00,3.002159636965872025e+01,2.443769515681093019e+00
7.948120636459320849e+02,7.109854713534105031e-01,2.897089579680919513e+01,3.119857372949676844e+01,1.917625309258695676e+00,2.549999999997976996e+00,3.119857372949676844e+01,1.917625309258695676e+00,3.002467293871908538e+01,2.443683420143799356e+00
7.955230491172854954e+02,7.109854713534105031e-01,2.897311836108368155e+01,3.120225876180798252e+01,1.917383034407894593e+00,2.549999999997928590e+00,3.120225876180798252e+01,1.917383034407894593e+00,3.002774975311098515e+01,2.443597335957517824e+00
7.965651827016610014e+02,1.042133584375505961e+00,2.897638039017256872e+01,3.120765238321456181e+01,1.917028174941288299e+00,2.549999999997856204e+00,3.120765238321456181e+01,1.917028174941288299e+00,3.003226007344269988e+01,2.443471177757706059e+00
7.976073162860365073e+02,1.042133584375505961e+00,2.897964750669333966e+01,3.121303719472498628e+01,1.916673620559859126e+00,2.549999999997781153e+00,3.121303719472498628e+01,1.916673620559859126e+00,3.003677093972981638e+01,2.443345043910684744e+00
7.986494498704120133e+02,1.042133584375505961e+00,2.898291970312070021e+01,3.121841360834328682e+01,1.916319370554202761e+00,2.549999999997703437e+00,3.121841360834328682e+01,1.916319370554202761e+00,3.004128236248343597e+01,2.443218934396130582e+00
7.996915834547875193e+02,1.042133584375505961e+00,2.898619697190381927e+01,3.122378199946499322e+01,1.915965424225672953e+00,2.549999999997623501e+00,3.122378199946499322e+01,1.915965424225672953e+00,3.004579435173369006e+01,2.443092849193766014e+00
8.007337170391630252e+02,1.042133584375505961e+00,2.898947930547250706e+01,3.122914271180689738e+01,1.915611780885209336e+00,2.549999999997540900e+00,3.122914271180689738e+01,1.915611780885209336e+00,3.005030691707091250e+01,2.442966788283357893e+00
8.017758506235385312e+02,1.042133584375505961e+00,2.899276669624320135e+01,3.123449606166302672e+01,1.915258439852323136e+00,2.549999999997455635e+00,3.123449606166302672e+01,1.915258439852323136e+00,3.005482006768236758e+01,2.442840751644723252e+00
8.030590458338596136e+02,1.283195210321082413e+00,2.899682144735485423e+01,3.124107804071641681e+01,1.914823779863479070e+00,2.549999999997346833e+00,3.124107804071641681e+01,1.914823779863479070e+00,3.006037799689591594e+01,2.442685594094034407e+00
8.043422410441806960e+02,1.283195210321082413e+00,2.900088384019791832e+01,3.124764980111474344e+01,1.914389575953800327e+00,2.549999999997234035e+00,3.124764980111474344e+01,1.914389575953800327e+00,3.006593684255745558e+01,2.442530473274658664e+00
8.056254362545017784e+02,1.283195210321082413e+00,2.900495386060860525e+01,3.125421180275941069e+01,1.913955826896712953e+00,2.549999999997116795e+00,3.125421180275941069e+01,1.913955826896712953e+00,3.007149661969286925e+01,2.442375389149189946e+00
8.069086314648228608e+02,1.283195210321082413e+00,2.900903149444802764e+01,3.126076446855237378e+01,1.913522531479088906e+00,2.549999999996994671e+00,3.126076446855237378e+01,1.913522531479088906e+00,3.007705734266375686e+01,2.442220341680326534e+00
8.081918266751439432e+02,1.283195210321082413e+00,2.901311672761585569e+01,3.126730818900198372e+01,1.913089688500127616e+00,2.549999999996868105e+00,3.126730818900198372e+01,1.913089688500127616e+00,3.008261902521966391e+01,2.442065330830859970e+00
8.094750218854650257e+02,1.283195210321082413e+00,2.901720954606320291e+01,3.127384332614281348e+01,1.912657296770398974e+00,2.549999999996736211e+00,3.127384332614281348e+01,1.912657296770398974e+00,3.008818168054444797e+01,2.441910356563683937e+00
8.110524661217712037e+02,1.577444236306178027e+00,2.902225126036881520e+01,3.128186576654568896e+01,1.912126370039725964e+00,2.549999999996567457e+00,3.128186576654568896e+01,1.912126370039725964e+00,3.009502125790557869e+01,2.441719895276305063e+00
8.126299103580773817e+02,1.577444236306178027e+00,2.902730439061180334e+01,3.128987632261740615e+01,1.911596121287458816e+00,2.549999999996390709e+00,3.128987632261740615e+01,1.911596121287458816e+00,3.010186234692644547e+01,2.441529489147683751e+00
8.142073545943835597e+02,1.577444236306178027e+00,2.903236891116850771e+01,3.129787552854747545e+01,1.911066548365051743e+00,2.549999999996205524e+00,3.129787552854747545e+01,1.911066548365051743e+00,3.010870496909015159e+01,2.441339138109482665e+00
8.157847988306897378e+02,1.577444236306178027e+00,2.903744479664104006e+01,3.130586387858135211e+01,1.910537649143677186e+00,2.549999999996011457e+00,3.130586387858135211e+01,1.910537649143677186e+00,3.011554914492873891e+01,2.441148842093579852e+00
8.173622430669959158e+02,1.577444236306178027e+00,2.904253202187994276e+01,3.131384183161089396e+01,1.910009421513054528e+00,2.549999999995808064e+00,3.131384183161089396e+01,1.910009421513054528e+00,3.012239489409271087e+01,2.440958601032068742e+00
8.189396873033020938e+02,1.577444236306178027e+00,2.904763056200338767e+01,3.132180981511425699e+01,1.909481863380434241e+00,2.549999999995595346e+00,3.132180981511425699e+01,1.909481863380434241e+00,3.012924223541341462e+01,2.440768414857251933e+00
8.208666340892261815e+02,1.926946785924087635e+00,2.905387406484000579e+01,3.133153025748913834e+01,1.908838323539234771e+00,2.549999999995322231e+00,3.133153025748913834e+01,1.908838323539234771e+00,3.013760887770657959e+01,2.440536164927547436e+00
8.227935808751502691e+02,1.926946785924087635e+00,2.906013437098532037e+01,3.134123709485148623e+01,1.908195775883769318e+00,2.549999999995033573e+00,3.134123709485148623e+01,1.908195775883769318e+00,3.014597795425254034e+01,2.440303996677313236e+00
8.247205276610743567e+02,1.926946785924087635e+00,2.906641143686782414e+01,3.135093095476286607e+01,1.907554216695434679e+00,2.549999999994728039e+00,3.135093095476286607e+01,1.907554216695434679e+00,3.015434949507585571e+01,2.440071909984418141e+00
8.266474744469984444e+02,1.926946785924087635e+00,2.907270521958745491e+01,3.136061242046192277e+01,1.906913642287798805e+00,2.549999999994405631e+00,3.136061242046192277e+01,1.906913642287798805e+00,3.016272352883335728e+01,2.439839904727187925e+00
8.285744212329225320e+02,1.926946785924087635e+00,2.907901567689963684e+01,3.137028203563741258e+01,1.906274049005258986e+00,2.549999999994065014e+00,3.137028203563741258e+01,1.906274049005258986e+00,3.017110008290880074e+01,2.439607980784399111e+00
8.305013680188466196e+02,1.926946785924087635e+00,2.908534276718301825e+01,3.137994030857623784e+01,1.905635433221854136e+00,2.549999999993705302e+00,3.137994030857623784e+01,1.905635433221854136e+00,3.017947918349808134e+01,2.439376138035280306e+00
8.328256143624541892e+02,2.324246343607569543e+00,2.909299645470053974e+01,3.139157551667310031e+01,1.904866442558275974e+00,2.549999999993244781e+00,3.139157551667310031e+01,1.904866442558275974e+00,3.018958931810099244e+01,2.439096601606562054e+00
8.351498607060617587e+02,2.324246343607569543e+00,2.910067421031390822e+01,3.140319569549684076e+01,1.904098862539571835e+00,2.549999999992753619e+00,3.140319569549684076e+01,1.904098862539571835e+00,3.019970323600479389e+01,2.438817182918925131e+00
8.374741070496693283e+02,2.324246343607569543e+00,2.910837596383316495e+01,3.141480157143406515e+01,1.903332686962895703e+00,2.549999999992229149e+00,3.141480157143406515e+01,1.903332686962895703e+00,3.020982097717047665e+01,2.438537881762995685e+00
8.397983533932768978e+02,2.324246343607569543e+00,2.911610164568885750e+01,3.142639382212177779e+01,1.902567909680103142e+00,2.549999999991670485e+00,3.142639382212177779e+01,1.902567909680103142e+00,3.021994257964612984e+01,2.438258697930319574e+00
8.400000000000000000e+02,2.016466067231021952e-01,2.911677303497478775e+01,3.142739891959855214e+01,1.902501624968901961e+00,2.549999999991620303e+00,3.142739891959855214e+01,1.902501624968901961e+00,3.022082089131007621e+01,2.438234482066397923e+00
8.400000309423973022e+02,3.094239730216941098e-05,2.911677313801234135e+01,3.142739907382527775e+01,1.902501614798405516e+00,2.549999999991620303e+00,3.142739907382527775e+01,1.902501614798405516e+00,3.022082102608806409e+01,2.438234478350574275e+00
8.400000618847946043e+02,3.094239730216941098e-05,2.911677324104989850e+01,3.142739922805404618e+01,1.902501604627907517e+00,2.549999999991620303e+00,3.142739922805404618e+01,1.902501604627907517e+00,3.022082116086604486e+01,2.438234474634750626e+00
8.400003713087676260e+02,3.094239730216941098e-04,2.911677427142581820e+01,3.142740077041464986e+01,1.902501502922879117e+00,2.549999999991620303e+00,3.142740077041464986e+01,1.902501502922879117e+00,3.022082250864602315e+01,2.438234437476515915e+00
8.400006807327406477e+02,3.094239730216941098e-04,2.911677530180215356e+01,3.142740231283113772e+01,1.902501401217822075e+00,2.549999999991619859e+00,3.142740231283113772e+01,1.902501401217822075e+00,3.022082385642614355e+01,2.438234400318282091e+00
8.400037749724708647e+02,3.094239730216941098e-03,2.911678560560183726e+01,3.142741773922084647e+01,1.902500384167361780e+00,2.549999999991618971e+00,3.142741773922084647e+01,1.902500384167361780e+00,3.022083733424073415e+01,2.438234028736129044e+00
8.400068692122010816e+02,3.094239730216941098e-03,2.911679590944286389e+01,3.142743316733982439e+01,1.902499367117757023e+00,2.549999999991618527e+00,3.142743316733982439e+01,1.902499367117757023e+00,3.022085081207048063e+01,2.438233657154177170e+00
8.400203627254159073e+02,1.349351321482572530e-02,2.911684084340077661e+01,3.142750045897081534e+01,1.902494931933708999e+00,2.549999999991614974e+00,3.142750045897081534e+01,1.902494931933708999e+00,3.022090958702358776e+01,2.438232036743519071e+00
8.400338562386307331e+02,1.349351321482572530e-02,2.911688577814382128e+01,3.142756776701629207e+01,1.902490496780532725e+00,2.549999999991611865e+00,3.142756776701629207e+01,1.902490496780532725e+00,3.022096836226424088e+01,2.438230416336693018e+00
8.400473497518455588e+02,1.349351321482572530e-02,2.911693071368549113e+01,3.142763508703716013e+01,1.902486061662943984e+00,2.549999999991608313e+00,3.142763508703716013e+01,1.902486061662943984e+00,3.022102713779717575e+01,2.438228795933764292e+00
8.400730178585431531e+02,2.566810669759433949e-02,2.911701619476912128e+01,3.142776317380137741e+01,1.902477625041246512e+00,2.549999999991602095e+00,3.142776317380137741e+01,1.902477625041246512e+00,3.022113894467393891e+01,2.438225713524542648e+00
8.400986859652407475e+02,2.566810669759433949e-02,2.911710167876598376e+01,3.142789128827969591e+01,1.902469188563480795e+00,2.549999999991595434e+00,3.142789128827969591e+01,1.902469188563480795e+00,3.022125075261535443e+01,2.438222631129538076e+00
8.401243540719383418e+02,2.566810669759433949e-02,2.911718716567467169e+01,3.142801942672510762e+01,1.902460752232873364e+00,2.549999999991589217e+00,3.142801942672510762e+01,1.902460752232873364e+00,3.022136256162016821e+01,2.438219548748745691e+00
8.401500221786359361e+02,2.566810669759433949e-02,2.911727265549199473e+01,3.142814758663508456e+01,1.902452316051449710e+00,2.549999999991582555e+00,3.142814758663508456e+01,1.902452316051449710e+00,3.022147437168653283e+01,2.438216466382148173e+00
8.401984283620375891e+02,4.840618340165292466e-02,2.911743388432621416e+01,3.142838932838845167e+01,1.902436407095892346e+00,2.549999999991570565e+00,3.142838932838845167e+01,1.902436407095892346e+00,3.022168523151874098e+01,2.438210653541601491e+00
8.402468345454392420e+02,4.840618340165292466e-02,2.911759512350214507e+01,3.142863112862759678e+01,1.902420498686503647e+00,2.549999999991558575e+00,3.142863112862759678e+01,1.902420498686503647e+00,3.022189609512000530e+01,2.438204840751529989e+00
8.402952407288408949e+02,4.840618340165292466e-02,2.911775637302048736e+01,3.142887298037849675e+01,1.902404590829474218e+00,2.549999999991546140e+00,3.142887298037849675e+01,1.902404590829474218e+00,3.022210696248766482e+01,2.438199028011938552e+00
8.403436469122425478e+02,4.840618340165292466e-02,2.911791763288146839e+01,3.142911487889035271e+01,1.902388683529002256e+00,2.549999999991534150e+00,3.142911487889035271e+01,1.902388683529002256e+00,3.022231783361926816e+01,2.438193215322829399e+00
8.404295686996282484e+02,8.592178738570055430e-02,2.911820389730941017e+01,3.142954435714538519e+01,1.902360449183986724e+00,2.549999999991512389e+00,3.142954435714538519e+01,1.902360449183986724e+00,3.022269214267684134e+01,2.438182897826496998e+00
8.405154904870139490e+02,8.592178738570055430e-02,2.911849019431801366e+01,3.142997395425184948e+01,1.902332216617226290e+00,2.549999999991490629e+00,3.142997395425184948e+01,1.902332216617226290e+00,3.022306646357264981e+01,2.438172580489200936e+00
8.406014122743996495e+02,8.592178738570055430e-02,2.911877652390345617e+01,3.143040365774651690e+01,1.902303985839437717e+00,2.549999999991468869e+00,3.143040365774651690e+01,1.902303985839437717e+00,3.022344079629516145e+01,2.438162263310931888e+00
8.406873340617853501e+02,8.592178738570055430e-02,2.911906288606209259e+01,3.143083345842540410e+01,1.902275756858469391e+00,2.549999999991447108e+00,3.143083345842540410e+01,1.902275756858469391e+00,3.022381514083411602e+01,2.438151946291677419e+00
8.408181194144958681e+02,1.307853527105180547e-01,2.911949883308646747e+01,3.143148784770525239e+01,1.902232791740510853e+00,2.549999999991413802e+00,3.143148784770525239e+01,1.902232791740510853e+00,3.022438496987473044e+01,2.438136242605586368e+00
8.409489047672063862e+02,1.307853527105180547e-01,2.911993485556014960e+01,3.143214242372681611e+01,1.902189830817990757e+00,2.549999999991380495e+00,3.143214242372681611e+01,1.902189830817990757e+00,3.022495482624138674e+01,2.438120539287863320e+00
8.410796901199169042e+02,1.307853527105180547e-01,2.912037095347085724e+01,3.143279716960433845e+01,1.902146874104855501e+00,2.549999999991346744e+00,3.143279716960433845e+01,1.902146874104855501e+00,3.022552470990668283e+01,2.438104836338475412e+00
8.412104754726274223e+02,1.307853527105180547e-01,2.912080712680628380e+01,3.143345207200556501e+01,1.902103921611909332e+00,2.549999999991312993e+00,3.143345207200556501e+01,1.902103921611909332e+00,3.022609462084566090e+01,2.438089133757385785e+00
8.414013393372232485e+02,1.908638645958262714e-01,2.912144379922958493e+01,3.143440807310296492e+01,1.902041245740682784e+00,2.549999999991263699e+00,3.143440807310296492e+01,1.902041245740682784e+00,3.022692637911979219e+01,2.438066218585176692e+00
8.415922032018190748e+02,1.908638645958262714e-01,2.912208063222431420e+01,3.143536435573522425e+01,1.901978578898085415e+00,2.549999999991213961e+00,3.143536435573522425e+01,1.901978578898085415e+00,3.022775819536526853e+01,2.438043304197166972e+00
8.417830670664149011e+02,1.908638645958262714e-01,2.912271762575214495e+01,3.143632089676935948e+01,1.901915921101518858e+00,2.549999999991164223e+00,3.143632089676935948e+01,1.901915921101518858e+00,3.022859006952194960e+01,2.438020390593248266e+00
8.419739309310107274e+02,1.908638645958262714e-01,2.912335477977476828e+01,3.143727767664524819e+01,1.901853272365229053e+00,2.549999999991114041e+00,3.143727767664524819e+01,1.901853272365229053e+00,3.022942200153428161e+01,2.437997477773308219e+00
8.421647947956065536e+02,1.908638645958262714e-01,2.912399209425384683e+01,3.143823467879853339e+01,1.901790632700814054e+00,2.549999999991063415e+00,3.143823467879853339e+01,1.901790632700814054e+00,3.023025399135059033e+01,2.437974565737237143e+00
8.424763582582866093e+02,3.115634626800556362e-01,2.912503278200738777e+01,3.143979731679364065e+01,1.901688400117393041e+00,2.549999999990980371e+00,3.143979731679364065e+01,1.901688400117393041e+00,3.023161224378370804e+01,2.437937166138739897e+00
8.427879217209666649e+02,3.115634626800556362e-01,2.912607389705752325e+01,3.144136045846376248e+01,1.901586191764646161e+00,2.549999999990897326e+00,3.144136045846376248e+01,1.901586191764646161e+00,3.023297064992575400e+01,2.437899768628225772e+00
8.430994851836467205e+02,3.115634626800556362e-01,2.912711543923725799e+01,3.144292406158888298e+01,1.901484007666667919e+00,2.549999999990812949e+00,3.144292406158888298e+01,1.901484007666667919e+00,3.023432920960106784e+01,2.437862373205211597e+00
8.434110486463267762e+02,3.115634626800556362e-01,2.912815740837948653e+01,3.144448809028727609e+01,1.901381847841956407e+00,2.549999999990727684e+00,3.144448809028727609e+01,1.901381847841956407e+00,3.023568792264789096e+01,2.437824979869214648e+00
8.437226121090068318e+02,3.115634626800556362e-01,2.912919980431696487e+01,3.144605251382271405e+01,1.901279712304466685e+00,2.549999999990641975e+00,3.144605251382271405e+01,1.901279712304466685e+00,3.023704678891628106e+01,2.437787588619747314e+00
8.441543098386795236e+02,4.316977296726918212e-01,2.913064483778265412e+01,3.144822075958699870e+01,1.901138234971541996e+00,2.549999999990522070e+00,3.144822075958699870e+01,1.901138234971541996e+00,3.023892986690974283e+01,2.437735783304586956e+00
8.445860075683522155e+02,4.316977296726918212e-01,2.913209068986245498e+01,3.145038965304255285e+01,1.900996804303407783e+00,2.549999999990400834e+00,3.145038965304255285e+01,1.900996804303407783e+00,3.024081323845609148e+01,2.437683981993028937e+00
8.450177052980249073e+02,4.316977296726918212e-01,2.913353736010986594e+01,3.145255914351118420e+01,1.900855420309764288e+00,2.549999999990277821e+00,3.145255914351118420e+01,1.900855420309764288e+00,3.024269690324110371e+01,2.437632184683782732e+00
8.454494030276975991e+02,4.316977296726918212e-01,2.913498484807763234e+01,3.145472918713882393e+01,1.900714082994301002e+00,2.549999999990153476e+00,3.145472918713882393e+01,1.900714082994301002e+00,3.024458086097398635e+01,2.437580391375558264e+00
8.458811007573702909e+02,4.316977296726918212e-01,2.913643315331766459e+01,3.145689974570843361e+01,1.900572792355746943e+00,2.549999999990027799e+00,3.145689974570843361e+01,1.900572792355746943e+00,3.024646511138440985e+01,2.437528602067068118e+00
8.464739323740590180e+02,5.928316166887270811e-01,2.913842337853707321e+01,3.145988125717742889e+01,1.900378840151278670e+00,2.549999999989852828e+00,3.145988125717742889e+01,1.900378840151278670e+00,3.024905314655765665e+01,2.437457488589522381e+00
8.470667639907477451e+02,5.928316166887270811e-01,2.914041514298266122e+01,3.146286360212694433e+01,1.900184975936595411e+00,2.549999999989674748e+00,3.146286360212694433e+01,1.900184975936595411e+00,3.025164173259361888e+01,2.437386382649034733e+00
8.476595956074364722e+02,5.928316166887270811e-01,2.914240844548482201e+01,3.146584671638153097e+01,1.899991199677862008e+00,2.549999999989494004e+00,3.146584671638153097e+01,1.899991199677862008e+00,3.025423086893636437e+01,2.437315284242265179e+00
8.482524272241251992e+02,5.928316166887270811e-01,2.914440328486974963e+01,3.146883054401811819e+01,1.899797511334034184e+00,2.549999999989310151e+00,3.146883054401811819e+01,1.899797511334034184e+00,3.025682055507108714e+01,2.437244193365879052e+00
8.488452588408139263e+02,5.928316166887270811e-01,2.914639965995909066e+01,3.147181503598855556e+01,1.899603910858079114e+00,2.549999999989123634e+00,3.147181503598855556e+01,1.899603910858079114e+00,3.025941079051900573e+01,2.437173110016540356e+00
8.496259207032459244e+02,7.806618624319980881e-01,2.914903089867103247e+01,3.147574606272177888e+01,1.899349104780874820e+00,2.549999999988873167e+00,3.147574606272177888e+01,1.899349104780874820e+00,3.026282254233693791e+01,2.437079516397883783e+00
8.504065825656779225e+02,7.806618624319980881e-01,2.915166479561271018e+01,3.147967808104380438e+01,1.899094450850777438e+00,2.549999999988617372e+00,3.147967808104380438e+01,1.899094450850777438e+00,3.026623524497712125e+01,2.436985935818168691e+00
8.511872444281099206e+02,7.806618624319980881e-01,2.915430134805118811e+01,3.148361101681479113e+01,1.898839948927651511e+00,2.549999999988356247e+00,3.148361101681479113e+01,1.898839948927651511e+00,3.026964889756738231e+01,2.436892368269795384e+00
8.519679062905419187e+02,7.806618624319980881e-01,2.915694055323502454e+01,3.148754480520269183e+01,1.898585598863420154e+00,2.549999999988089794e+00,3.148754480520269183e+01,1.898585598863420154e+00,3.027306349929831697e+01,2.436798813745174819e+00
8.527485681529739168e+02,7.806618624319980881e-01,2.915958240839297133e+01,3.149147938921669976e+01,1.898331400503367350e+00,2.549999999987817567e+00,3.149147938921669976e+01,1.898331400503367350e+00,3.027647904941574097e+01,2.436705272236722841e+00
8.537465781713697197e+02,9.980100183958029447e-01,2.916296365119930556e+01,3.149651050056772661e+01,1.898006650130520168e+00,2.549999999987461408e+00,3.149651050056772661e+01,1.898006650130520168e+00,3.028084692081525731e+01,2.436585706291639397e+00
8.547445881897655227e+02,9.980100183958029447e-01,2.916634921452547857e+01,3.150154273884835021e+01,1.897682147086133586e+00,2.549999999987095478e+00,3.150154273884835021e+01,1.897682147086133586e+00,3.028521633968599147e+01,2.436466161591284152e+00
8.557425982081613256e+02,9.980100183958029447e-01,2.916973909241998086e+01,3.150657602486480258e+01,1.897357891013852438e+00,2.549999999986719779e+00,3.150657602486480258e+01,1.897357891013852438e+00,3.028958730475755701e+01,2.436346638119870178e+00
8.567406082265571285e+02,9.980100183958029447e-01,2.917313327886319385e+01,3.151161028948737552e+01,1.897033881549258005e+00,2.549999999986334309e+00,3.151161028948737552e+01,1.897033881549258005e+00,3.029395981484529798e+01,2.436227135861634974e+00
8.577386182449529315e+02,9.980100183958029447e-01,2.917653176776349966e+01,3.151664547213936629e+01,1.896710118321216276e+00,2.549999999985938182e+00,3.151664547213936629e+01,1.896710118321216276e+00,3.029833386883978719e+01,2.436107654800837796e+00
8.589838702070761656e+02,1.245251962123234080e+00,2.918077820499581421e+01,3.152292925244322674e+01,1.896306492354407958e+00,2.549999999985429255e+00,3.152292925244322674e+01,1.896306492354407958e+00,3.030379369222600516e+01,2.435958603808680234e+00
8.602291221691993997e+02,1.245251962123234080e+00,2.918503131871446143e+01,3.152921428977489526e+01,1.895903248410173214e+00,2.549999999984903454e+00,3.152921428977489526e+01,1.895903248410173214e+00,3.030925591571286404e+01,2.435809585762654272e+00
8.614743741313226337e+02,1.245251962123234080e+00,2.918929109656334120e+01,3.153550050707158547e+01,1.895500385737361793e+00,2.549999999984360333e+00,3.153550050707158547e+01,1.895500385737361793e+00,3.031472053752366946e+01,2.435660600632343797e+00
8.627196260934458678e+02,1.245251962123234080e+00,2.919355752597386910e+01,3.154178783767065397e+01,1.895097903577785736e+00,2.549999999983799448e+00,3.154178783767065397e+01,1.895097903577785736e+00,3.032018755598541304e+01,2.435511648387395311e+00
8.639648780555691019e+02,1.245251962123234080e+00,2.919783059415616577e+01,3.154807622379571797e+01,1.894695801167581184e+00,2.549999999983219912e+00,3.154807622379571797e+01,1.894695801167581184e+00,3.032565696951516898e+01,2.435362728997510828e+00
8.655099073072021838e+02,1.545029251633081913e+00,2.920314155361710107e+01,3.155587984519623035e+01,1.894197424858572898e+00,2.549999999982474286e+00,3.155587984519623035e+01,1.894197424858572898e+00,3.033244639624390260e+01,2.435178004937752050e+00
8.670549365588352657e+02,1.545029251633081913e+00,2.920846268754540631e+01,3.156368493313239298e+01,1.893699630487196917e+00,2.549999999981698462e+00,3.156368493313239298e+01,1.893699630487196917e+00,3.033923950496492594e+01,2.434993331351795298e+00
8.685999658104683476e+02,1.545029251633081913e+00,2.921379396998382916e+01,3.157149141869214759e+01,1.893202416572090874e+00,2.549999999980891108e+00,3.157149141869214759e+01,1.893202416572090874e+00,3.034603629308469053e+01,2.434808708182170989e+00
8.701449950621014295e+02,1.545029251633081913e+00,2.921913537437676567e+01,3.157929924391171994e+01,1.892705781627569639e+00,2.549999999980051335e+00,3.157929924391171994e+01,1.892705781627569639e+00,3.035283675812447868e+01,2.434624135371555198e+00
8.716900243137345115e+02,1.545029251633081913e+00,2.922448687355587538e+01,3.158710836015450951e+01,1.892209724165097917e+00,2.549999999979177367e+00,3.158710836015450951e+01,1.892209724165097917e+00,3.035964089770256180e+01,2.434439612862770996e+00
8.732350535653675934e+02,1.545029251633081913e+00,2.922984843972773916e+01,3.159491872668947821e+01,1.891714242694580106e+00,2.549999999978268761e+00,3.159491872668947821e+01,1.891714242694580106e+00,3.036644870951826647e+01,2.434255140598790668e+00
8.755122762192801247e+02,2.277222653912531314e+00,2.923776915954779909e+01,3.160643265559211557e+01,1.890984998230047065e+00,2.549999999976862775e+00,3.160643265559211557e+01,1.890984998230047065e+00,3.037648945147959978e+01,2.433983337930107904e+00
8.777894988731926560e+02,2.277222653912531314e+00,2.924571159332837311e+01,3.161794914131739276e+01,1.890256997035426156e+00,2.549999999975373743e+00,3.161794914131739276e+01,1.890256997035426156e+00,3.038653815919285606e+01,2.433711644107598548e+00
8.800667215271051873e+02,2.277222653912531314e+00,2.925367564444264090e+01,3.162946811922082446e+01,1.889530234346710635e+00,2.549999999973797227e+00,3.162946811922082446e+01,1.889530234346710635e+00,3.039659482591967787e+01,2.433440058950411267e+00
8.823439441810177186e+02,2.277222653912531314e+00,2.926166121320718005e+01,3.164098954287700849e+01,1.888804705409922846e+00,2.549999999972128784e+00,3.164098954287700849e+01,1.888804705409922846e+00,3.040665944506992702e+01,2.433168582278391501e+00
8.846211668349302499e+02,2.277222653912531314e+00,2.926966819690521859e+01,3.165251338081044352e+01,1.888080405484083624e+00,2.549999999970363085e+00,3.165251338081044352e+01,1.888080405484083624e+00,3.041673201015817796e+01,2.432897213912075696e+00
8.868983894888427812e+02,2.277222653912531314e+00,2.927769648983251471e+01,3.166403961371415576e+01,1.887357329843725173e+00,2.549999999968495246e+00,3.166403961371415576e+01,1.887357329843725173e+00,3.042681251476656357e+01,2.432625953672687302e+00
8.893983894888427812e+02,2.500000000000000000e+00,2.928653458779226426e+01,3.167669618810786503e+01,1.886564920977321425e+00,2.549999999966320541e+00,3.167669618810786503e+01,1.886564920977321425e+00,3.043788831532204853e+01,2.432328280742117599e+00
8.918983894888427812e+02,2.500000000000000000e+00,2.929539808961138547e+01,3.168935563701296587e+01,1.885773975776712463e+00,2.549999999964009501e+00,3.168935563701296587e+01,1.885773975776712463e+00,3.044897366869001232e+01,2.432030737679789834e+00
8.943983894888427812e+02,2.500000000000000000e+00,2.930428684372851222e+01,3.170201796941164218e+01,1.884984488068449648e+00,2.549999999961553687e+00,3.170201796941164218e+01,1.884984488068449648e+00,3.046006856643227323e+01,2.431733324252013162e+00
8.968983894888427812e+02,2.500000000000000000e+00,2.931320069487324176e+01,3.171468320241073613e+01,1.884196451710042020e+00,2.549999999958945107e+00,3.171468320241073613e+01,1.884196451710042020e+00,3.047117300007257157e+01,2.431436040226080397e+00
8.993983894888427812e+02,2.500000000000000000e+00,2.932213948430721828e+01,3.172735135970670228e+01,1.883409860591240825e+00,2.549999999956175323e+00,3.172735135970670228e+01,1.883409860591240825e+00,3.048228696107475955e+01,2.431138885370263125e+00
9.000000000000000000e+02,6.016105111572187525e-01,2.932429425689814195e+01,3.173040031799821747e+01,1.883220787059893375e+00,2.549999999955483876e+00,3.173040031799821747e+01,1.883220787059893375e+00,3.048496289263510661e+01,2.431067396032752015e+00
9.000000306724159600e+02,3.067241595999803394e-05,2.932429436679327139e+01,3.173040047346356474e+01,1.883220777422318415e+00,2.549999999955483876e+00,3.173040047346356474e+01,1.883220777422318415e+00,3.048496302907843969e+01,2.431067392388141624e+00
9.000000613448319200e+02,3.067241595999803394e-05,2.932429447668840439e+01,3.173040062893704061e+01,1.883220767784740790e+00,2.549999999955483876e+00,3.173040062893704061e+01,1.883220767784740790e+00,3.048496316552176921e+01,2.431067388743531232e+00
9.000003680689915200e+02,3.067241595999803394e-04,2.932429557564003986e+01,3.173040218396192458e+01,1.883220671408859515e+00,2.549999999955483432e+00,3.173040218396192458e+01,1.883220671408859515e+00,3.048496452995551920e+01,2.431067352297423767e+00
9.000006747931511200e+02,3.067241595999803394e-04,2.932429667459204126e+01,3.173040373920958146e+01,1.883220575032908295e+00,2.549999999955482988e+00,3.173040373920958146e+01,1.883220575032908295e+00,3.048496589438975590e+01,2.431067315851319410e+00
9.000037420347471198e+02,3.067241595999803394e-03,2.932430766414405099e+01,3.173041930059905624e+01,1.883219611271778948e+00,2.549999999955479435e+00,3.173041930059905624e+01,1.883219611271778948e+00,3.048497953877347655e+01,2.431066951390434827e+00
9.000068092763431196e+02,3.067241595999803394e-03,2.932431865373247604e+01,3.173043486894578180e+01,1.883218647510070731e+00,2.549999999955475882e+00,3.173043486894578180e+01,1.883218647510070731e+00,3.048499318320439144e+01,2.431066586929737205e+00
9.000153565555830255e+02,8.547279239905947179e-03,2.932434927786828638e+01,3.173047827541239130e+01,1.883215961860389420e+00,2.549999999955466112e+00,3.173047827541239130e+01,1.883215961860389420e+00,3.048503120546632772e+01,2.431065571312135187e+00
9.000239038348229315e+02,8.547279239905947179e-03,2.932437990228300961e+01,3.173052171204259864e+01,1.883213276215264687e+00,2.549999999955455898e+00,3.173052171204259864e+01,1.883213276215264687e+00,3.048506922808937603e+01,2.431064555695969798e+00
9.000324511140628374e+02,8.547279239905947179e-03,2.932441052698392525e+01,3.173056517252850739e+01,1.883210590577560462e+00,2.549999999955446128e+00,3.173056517252850739e+01,1.883210590577560462e+00,3.048510725108268105e+01,2.431063540081279672e+00
9.000482123461855508e+02,1.576123212271340890e-02,2.932446699986353167e+01,3.173064536624919540e+01,1.883205638269828119e+00,2.549999999955427921e+00,3.173064536624919540e+01,1.883205638269828119e+00,3.048517736667716704e+01,2.431061667285835171e+00
9.000639735783082642e+02,1.576123212271340890e-02,2.932452347372831625e+01,3.173072561555009941e+01,1.883200685997881596e+00,2.549999999955409269e+00,3.173072561555009941e+01,1.883200685997881596e+00,3.048524748354445535e+01,2.431059794495468829e+00
9.000797348104309776e+02,1.576123212271340890e-02,2.932457994857761108e+01,3.173080591321502908e+01,1.883195733764464030e+00,2.549999999955391505e+00,3.173080591321502908e+01,1.883195733764464030e+00,3.048531760168276605e+01,2.431057921710176206e+00
9.000954960425536910e+02,1.576123212271340890e-02,2.932463642440987073e+01,3.173088625454976608e+01,1.883190781571297157e+00,2.549999999955372854e+00,3.173088625454976608e+01,1.883190781571297157e+00,3.048538772108929606e+01,2.431056048929950641e+00
9.001225558518134449e+02,2.705980925975381979e-02,2.932473338772872395e+01,3.173102428088426308e+01,1.883182279452937369e+00,2.549999999955341767e+00,3.173102428088426308e+01,1.883182279452937369e+00,3.048550810916118436e+01,2.431052833642651123e+00
9.001496156610731987e+02,2.705980925975381979e-02,2.932483035394400872e+01,3.173116241035123508e+01,1.883173777463039045e+00,2.549999999955310237e+00,3.173116241035123508e+01,1.883173777463039045e+00,3.048562850096475074e+01,2.431049618370283216e+00
9.001766754703329525e+02,2.705980925975381979e-02,2.932492732305606609e+01,3.173130063278331647e+01,1.883165275605546363e+00,2.549999999955278707e+00,3.173130063278331647e+01,1.883165275605546363e+00,3.048574889649757580e+01,2.431046403112848697e+00
9.002037352795927063e+02,2.705980925975381979e-02,2.932502429506499553e+01,3.173143894094197037e+01,1.883156773883260415e+00,2.549999999955247176e+00,3.173143894094197037e+01,1.883156773883260415e+00,3.048586929575722948e+01,2.431043187870349342e+00
9.002500084185186324e+02,4.627313892592610500e-02,2.932519012701210670e+01,3.173167563538667224e+01,1.883142235985616253e+00,2.549999999955193442e+00,3.173167563538667224e+01,1.883142235985616253e+00,3.048607519096843887e+01,2.431037689737489238e+00
9.002962815574445585e+02,4.627313892592610500e-02,2.932535596742848938e+01,3.173191254036781928e+01,1.883127698498752611e+00,2.549999999955139263e+00,3.173191254036781928e+01,1.883127698498752611e+00,3.048628109705791189e+01,2.431032191648299978e+00
9.003425546963704846e+02,4.627313892592610500e-02,2.932552181631298538e+01,3.173214963811638256e+01,1.883113161429474047e+00,2.549999999955085528e+00,3.173214963811638256e+01,1.883113161429474047e+00,3.048648701401450722e+01,2.431026693602780231e+00
9.003888278352964107e+02,4.627313892592610500e-02,2.932568767366450757e+01,3.173238691516386112e+01,1.883098624782932440e+00,2.549999999955031349e+00,3.173238691516386112e+01,1.883098624782932440e+00,3.048669294182810674e+01,2.431021195600926887e+00
9.004568674343007615e+02,6.803959900435074815e-02,2.932593156416855962e+01,3.173273610873119566e+01,1.883077251007418740e+00,2.549999999954951857e+00,3.173273610873119566e+01,1.883077251007418740e+00,3.048699575589553845e+01,2.431013111468742327e+00
9.005249070333051122e+02,6.803959900435074815e-02,2.932617547297321181e+01,3.173308563755867340e+01,1.883055878165879493e+00,2.549999999954872365e+00,3.173308563755867340e+01,1.883055878165879493e+00,3.048729859338833137e+01,2.431005027430961807e+00
9.005929466323094630e+02,6.803959900435074815e-02,2.932641940007515302e+01,3.173343547847799684e+01,1.883034506267125430e+00,2.549999999954792429e+00,3.173343547847799684e+01,1.883034506267125430e+00,3.048760145428063950e+01,2.430996943487582218e+00
9.006609862313138137e+02,6.803959900435074815e-02,2.932666334547106857e+01,3.173378561284819099e+01,1.883013135318222009e+00,2.549999999954712493e+00,3.173378561284819099e+01,1.883013135318222009e+00,3.048790433854835413e+01,2.430988859638597788e+00
9.007600653445666694e+02,9.907911325285567727e-02,2.932701861092512630e+01,3.173429597029163318e+01,1.882982016700651684e+00,2.549999999954595697e+00,3.173429597029163318e+01,1.882982016700651684e+00,3.048834543970438204e+01,2.430977088124430363e+00
9.008591444578195251e+02,9.907911325285567727e-02,2.932737391515443903e+01,3.173480687671646550e+01,1.882950900124872318e+00,2.549999999954478902e+00,3.173480687671646550e+01,1.882950900124872318e+00,3.048878659031420568e+01,2.430965316810408616e+00
9.009582235710723808e+02,9.907911325285567727e-02,2.932772925814873233e+01,3.173531829897051892e+01,1.882919785603291984e+00,2.549999999954361662e+00,3.173531829897051892e+01,1.882919785603291984e+00,3.048922779031618546e+01,2.430953545696519225e+00
9.010573026843252364e+02,9.907911325285567727e-02,2.932808463989772463e+01,3.173583020880361971e+01,1.882888673146428049e+00,2.549999999954243979e+00,3.173583020880361971e+01,1.882888673146428049e+00,3.048966903965207464e+01,2.430941774782751086e+00
9.011563817975780921e+02,9.907911325285567727e-02,2.932844006039112372e+01,3.173634258205460057e+01,1.882857562763222914e+00,2.549999999954126295e+00,3.173634258205460057e+01,1.882857562763222914e+00,3.049011033826663919e+01,2.430930004069088657e+00
9.013140439876198116e+02,1.576621900417194411e-01,2.932900571225717457e+01,3.173715881386398152e+01,1.882808061858865400e+00,2.549999999953938001e+00,3.173715881386398152e+01,1.882808061858865400e+00,3.049081266751895924e+01,2.430911274030433944e+00
9.014717061776615310e+02,1.576621900417194411e-01,2.932957146216261179e+01,3.173797609608527992e+01,1.882758566250328114e+00,2.549999999953749708e+00,3.173797609608527992e+01,1.882758566250328114e+00,3.049151512121950702e+01,2.430892544498392649e+00
9.016293683677032504e+02,1.576621900417194411e-01,2.933013731006587221e+01,3.173879436965318490e+01,1.882709075958881151e+00,2.549999999953560081e+00,3.173879436965318490e+01,1.882709075958881151e+00,3.049221769917995317e+01,2.430873815472915478e+00
9.017870305577449699e+02,1.576621900417194411e-01,2.933070325592534644e+01,3.173961358382696929e+01,1.882659591002586730e+00,2.549999999953370011e+00,3.173961358382696929e+01,1.882659591002586730e+00,3.049292040122187331e+01,2.430855086953944255e+00
9.019446927477866893e+02,1.576621900417194411e-01,2.933126929969938601e+01,3.174043369463987929e+01,1.882610111396896047e+00,2.549999999953179053e+00,3.174043369463987929e+01,1.882610111396896047e+00,3.049362322717542639e+01,2.430836358941427910e+00
9.021609024998532504e+02,2.162097520665611228e-01,2.933204570190982352e+01,3.174155974053646645e+01,1.882542266355318850e+00,2.549999999952916596e+00,3.174155974053646645e+01,1.882542266355318850e+00,3.049458724742536830e+01,2.430810677139559228e+00
9.023771122519198116e+02,2.162097520665611228e-01,2.933282228807191316e+01,3.174268731580196246e+01,1.882474431429850048e+00,2.549999999952651919e+00,3.174268731580196246e+01,1.882474431429850048e+00,3.049555150000052350e+01,2.430784996289883537e+00
9.025933220039863727e+02,2.162097520665611228e-01,2.933359905807786561e+01,3.174381634719863143e+01,1.882406606644862590e+00,2.549999999952386798e+00,3.174381634719863143e+01,1.882406606644862590e+00,3.049651598452294365e+01,2.430759316392262281e+00
9.028095317560529338e+02,2.162097520665611228e-01,2.933437601181973875e+01,3.174494677050716973e+01,1.882338792021254203e+00,2.549999999952119900e+00,3.174494677050716973e+01,1.882338792021254203e+00,3.049748070063179384e+01,2.430733637446554241e+00
9.030257415081194949e+02,2.162097520665611228e-01,2.933515314918945549e+01,3.174607852898761706e+01,1.882270987577040477e+00,2.549999999951851670e+00,3.174607852898761706e+01,1.882270987577040477e+00,3.049844564798141278e+01,2.430707959452617750e+00
9.033192687918887032e+02,2.935272837692082248e-01,2.933620848787946045e+01,3.174761705620961649e+01,1.882178952291913898e+00,2.549999999951484853e+00,3.174761705620961649e+01,1.882178952291913898e+00,3.049975603410093683e+01,2.430673100421181676e+00
9.036127960756579114e+02,2.935272837692082248e-01,2.933726416454131325e+01,3.174915784093051485e+01,1.882086935829959229e+00,2.549999999951115814e+00,3.174915784093051485e+01,1.882086935829959229e+00,3.050106684501160359e+01,2.430638243143334432e+00
9.039063233594271196e+02,2.935272837692082248e-01,2.933832017890334498e+01,3.175070078615522462e+01,1.881994938218928715e+00,2.549999999950744556e+00,3.175070078615522462e+01,1.881994938218928715e+00,3.050237807995384642e+01,2.430603387618721634e+00
9.041998506431963278e+02,2.935272837692082248e-01,2.933937653069342844e+01,3.175224580575906330e+01,1.881902959482389504e+00,2.549999999950370189e+00,3.175224580575906330e+01,1.881902959482389504e+00,3.050368973819918850e+01,2.430568533846988899e+00
9.044933779269655361e+02,2.935272837692082248e-01,2.934043321963898165e+01,3.175379282273328485e+01,1.881810999640399995e+00,2.549999999949993601e+00,3.175379282273328485e+01,1.881810999640399995e+00,3.050500181904699915e+01,2.430533681827781400e+00
9.048766902008998159e+02,3.833122739342798013e-01,2.934181363888221483e+01,3.175581593886816734e+01,1.881690939326886358e+00,2.549999999949497553e+00,3.175581593886816734e+01,1.881690939326886358e+00,3.050671587820410835e+01,2.430488171808304010e+00
9.052600024748340957e+02,3.833122739342798013e-01,2.934319463201208222e+01,3.175784220619756582e+01,1.881570911295288751e+00,2.549999999948997065e+00,3.175784220619756582e+01,1.881570911295288751e+00,3.050843065544156119e+01,2.430442664776063744e+00
9.056433147487683755e+02,3.833122739342798013e-01,2.934457619841817433e+01,3.175987150273629211e+01,1.881450915571232230e+00,2.549999999948492135e+00,3.175987150273629211e+01,1.881450915571232230e+00,3.051014614937139768e+01,2.430397160730268791e+00
9.060266270227026553e+02,3.833122739342798013e-01,2.934595833748886307e+01,3.176190371893878250e+01,1.881330952175563676e+00,2.549999999947982765e+00,3.176190371893878250e+01,1.881330952175563676e+00,3.051186235865720064e+01,2.430351659670126008e+00
9.064099392966369351e+02,3.833122739342798013e-01,2.934734104861130888e+01,3.176393875583405446e+01,1.881211021125069660e+00,2.549999999947468510e+00,3.176393875583405446e+01,1.881211021125069660e+00,3.051357928200904723e+01,2.430306161594842695e+00
9.068967033925486021e+02,4.867640959116670274e-01,2.934909776196382225e+01,3.176652695194765386e+01,1.881058768624095157e+00,2.549999999946809037e+00,3.176652695194765386e+01,1.881058768624095157e+00,3.051576061153097896e+01,2.430248388383601910e+00
9.073834674884602691e+02,4.867640959116670274e-01,2.935085539556722267e+01,3.176911938644580147e+01,1.880906568325067418e+00,2.549999999946141571e+00,3.176911938644580147e+01,1.880906568325067418e+00,3.051794308809459721e+01,2.430190619982893985e+00
9.078702315843719362e+02,4.867640959116670274e-01,2.935261394815854530e+01,3.177171591025504682e+01,1.880754420241821157e+00,2.549999999945467000e+00,3.177171591025504682e+01,1.880754420241821157e+00,3.052012670932459670e+01,2.430132856391092666e+00
9.083569956802836032e+02,4.867640959116670274e-01,2.935437341847199022e+01,3.177431638821661508e+01,1.880602324382873558e+00,2.549999999944783990e+00,3.177431638821661508e+01,1.880602324382873558e+00,3.052231147292613400e+01,2.430075097606570367e+00
9.088437597761952702e+02,4.867640959116670274e-01,2.935613380523903615e+01,3.177692069715082113e+01,1.880450280752170134e+00,2.549999999944093876e+00,3.177692069715082113e+01,1.880450280752170134e+00,3.052449737667767593e+01,2.430017343627700832e+00
9.094477372341083310e+02,6.039774579130607890e-01,2.935831936733206859e+01,3.178015728385636862e+01,1.880261697444982394e+00,2.549999999943226126e+00,3.178015728385636862e+01,1.880261697444982394e+00,3.052721123040176465e+01,2.429945689101709050e+00
9.100517146920213918e+02,6.039774579130607890e-01,2.936050633599455750e+01,3.178339939952543958e+01,1.880073194540119008e+00,2.549999999942346385e+00,3.178339939952543958e+01,1.880073194540119008e+00,3.052992683218998948e+01,2.429874041968826948e+00
9.106556921499344526e+02,6.039774579130607890e-01,2.936269470878683663e+01,3.178664686623912061e+01,1.879884772023299622e+00,2.549999999941453765e+00,3.178664686623912061e+01,1.879884772023299622e+00,3.053264417819132959e+01,2.429802402225945457e+00
9.112596696078475134e+02,6.039774579130607890e-01,2.936488448326367617e+01,3.178989952137025554e+01,1.879696429874463837e+00,2.549999999940548712e+00,3.178989952137025554e+01,1.879696429874463837e+00,3.053536326467455453e+01,2.429730769869959950e+00
9.118636470657605742e+02,6.039774579130607890e-01,2.936707565697451372e+01,3.179315721560625008e+01,1.879508168068534379e+00,2.549999999939630779e+00,3.179315721560625008e+01,1.879508168068534379e+00,3.053808408801837615e+01,2.429659144897762690e+00
9.126143996329886932e+02,7.507525672281190054e-01,2.936980126395014778e+01,3.179721339438746952e+01,1.879274267924279984e+00,2.549999999938472151e+00,3.179721339438746952e+01,1.879274267924279984e+00,3.054146852609264329e+01,2.429570124327680603e+00
9.133651522002168122e+02,7.507525672281190054e-01,2.937252902433917612e+01,3.180127690484677316e+01,1.879040491805943125e+00,2.549999999937292650e+00,3.180127690484677316e+01,1.879040491805943125e+00,3.054485563577271279e+01,2.429481115155415871e+00
9.141159047674449312e+02,7.507525672281190054e-01,2.937525893340417227e+01,3.180534752541663224e+01,1.878806839640982052e+00,2.549999999936092721e+00,3.180534752541663224e+01,1.878806839640982052e+00,3.054824541070261645e+01,2.429392117375012816e+00
9.148666573346730502e+02,7.507525672281190054e-01,2.937799098639758100e+01,3.180942505271062970e+01,1.878573311350128394e+00,2.549999999934871919e+00,3.180942505271062970e+01,1.878573311350128394e+00,3.055163784471332278e+01,2.429303130980515313e+00
9.156174099019011692e+02,7.507525672281190054e-01,2.938072517856242527e+01,3.181350929926323445e+01,1.878339906848257801e+00,2.549999999933629802e+00,3.181350929926323445e+01,1.878339906848257801e+00,3.055503293180820279e+01,2.429214155965974342e+00
9.163681624691292882e+02,7.507525672281190054e-01,2.938346150513299904e+01,3.181760009153040869e+01,1.878106626045163097e+00,2.549999999932365924e+00,3.181760009153040869e+01,1.878106626045163097e+00,3.055843066614958659e+01,2.429125192325445770e+00
9.174691265630635826e+02,1.100964093934294397e+00,2.938747812517641478e+01,3.182361066293861640e+01,1.877764747780553467e+00,2.549999999930472772e+00,3.182361066293861640e+01,1.877764747780553467e+00,3.056341815347880697e+01,2.428994749428034172e+00
9.185700906569978770e+02,1.100964093934294397e+00,2.939149931004812188e+01,3.182963449929719957e+01,1.877423135020607869e+00,2.549999999928531658e+00,3.182963449929719957e+01,1.877423135020607869e+00,3.056841130425418740e+01,2.428864330959682682e+00
9.196710547509321714e+02,1.100964093934294397e+00,2.939552504463557980e+01,3.183567117589267781e+01,1.877081787436889249e+00,2.549999999926540362e+00,3.183567117589267781e+01,1.877081787436889249e+00,3.057341010162800288e+01,2.428733936901694701e+00
9.207720188448664658e+02,1.100964093934294397e+00,2.939955531380129372e+01,3.184172030501849449e+01,1.876740704688016015e+00,2.549999999924498884e+00,3.184172030501849449e+01,1.876740704688016015e+00,3.057841452927682013e+01,2.428603567235397609e+00
9.218729829388007602e+02,1.100964093934294397e+00,2.940359010238717374e+01,3.184778153102429243e+01,1.876399886421571628e+00,2.549999999922405447e+00,3.184778153102429243e+01,1.876399886421571628e+00,3.058342457135751857e+01,2.428473221942141880e+00
9.229739470327350546e+02,1.100964093934294397e+00,2.940762939521880881e+01,3.185385452604044687e+01,1.876059332275754166e+00,2.549999999920259164e+00,3.185385452604044687e+01,1.876059332275754166e+00,3.058844021246791911e+01,2.428342901003304632e+00
9.243300508760166849e+02,1.356103843281630361e+00,2.941261093076373712e+01,3.186135061841061855e+01,1.875640219867779734e+00,2.549999999917541338e+00,3.186135061841061855e+01,1.875640219867779734e+00,3.059462586236842085e+01,2.428182412661046730e+00
9.256861547192983153e+02,1.356103843281630361e+00,2.941759924866124365e+01,3.186886358454007961e+01,1.875221506913515856e+00,2.549999999914738691e+00,3.186886358454007961e+01,1.875221506913515856e+00,3.060081995708556235e+01,2.428021961206122459e+00
9.270422585625799456e+02,1.356103843281630361e+00,2.942259432050725465e+01,3.187639294445978777e+01,1.874803192693944132e+00,2.549999999911849002e+00,3.187639294445978777e+01,1.874803192693944132e+00,3.060702247017296074e+01,2.427861546603894194e+00
9.283983624058615760e+02,1.356103843281630361e+00,2.942759611790080854e+01,3.188393825592244468e+01,1.874385276478551132e+00,2.549999999908870496e+00,3.188393825592244468e+01,1.874385276478551132e+00,3.061323337591757721e+01,2.427701168819788258e+00
9.297544662491432064e+02,1.356103843281630361e+00,2.943260461245436588e+01,3.189149910975477198e+01,1.873967757527116751e+00,2.549999999905800507e+00,3.189149910975477198e+01,1.873967757527116751e+00,3.061945264928344912e+01,2.427540827819292701e+00
9.311105700924248367e+02,1.356103843281630361e+00,2.943761977580383871e+01,3.189907512589912741e+01,1.873550635091236982e+00,2.549999999902635928e+00,3.189907512589912741e+01,1.873550635091236982e+00,3.062568026586162162e+01,2.427380523567961301e+00
9.327779025871725480e+02,1.667332494747711280e+00,2.944379502794814130e+01,3.190841011432334184e+01,1.873038324533824461e+00,2.549999999898612035e+00,3.190841011432334184e+01,1.873038324533824461e+00,3.063334853339858199e+01,2.427183479474933847e+00
9.344452350819202593e+02,1.667332494747711280e+00,2.944998026575656880e+01,3.191776687855658423e+01,1.872526610821061865e+00,2.549999999894437153e+00,3.191776687855658423e+01,1.872526610821061865e+00,3.064102933401889928e+01,2.426986490818979547e+00
9.361125675766679706e+02,1.667332494747711280e+00,2.945617543678641326e+01,3.192714485421431903e+01,1.872015492526045266e+00,2.549999999890105951e+00,3.192714485421431903e+01,1.872015492526045266e+00,3.064872262570590777e+01,2.426789557536484399e+00
9.377799000714156819e+02,1.667332494747711280e+00,2.946238048874366910e+01,3.193654351803439440e+01,1.871504968212905906e+00,2.549999999885612656e+00,3.193654351803439440e+01,1.871504968212905906e+00,3.065642836750605227e+01,2.426592679563989829e+00
9.394472325661633931e+02,1.667332494747711280e+00,2.946859536950892888e+01,3.194596238321208759e+01,1.870995036438587666e+00,2.549999999880952828e+00,3.194596238321208759e+01,1.870995036438587666e+00,3.066414651945320813e+01,2.426395856838189147e+00
9.411145650609111044e+02,1.667332494747711280e+00,2.947482002716413874e+01,3.195540099539129031e+01,1.870485695754370958e+00,2.549999999876119805e+00,3.195540099539129031e+01,1.870485695754370958e+00,3.067187704250064328e+01,2.426199089295929312e+00
9.431507648231710164e+02,2.036199762259911950e+00,2.948243496348494119e+01,3.196695389655981145e+01,1.869864472213238926e+00,2.549999999869975387e+00,3.196695389655981145e+01,1.869864472213238926e+00,3.068133452808103812e+01,2.425958865235680939e+00
9.451869645854309283e+02,2.036199762259911950e+00,2.949006431044976395e+01,3.197853489382207215e+01,1.869244125407849788e+00,2.549999999863554301e+00,3.197853489382207215e+01,1.869244125407849788e+00,3.069081033917498402e+01,2.425718723268211807e+00
9.472231643476908403e+02,2.036199762259911950e+00,2.949770797511410692e+01,3.199014331664086086e+01,1.868624652680270337e+00,2.549999999856845001e+00,3.199014331664086086e+01,1.868624652680270337e+00,3.070030440950742090e+01,2.425478663279440283e+00
9.492593641099507522e+02,2.036199762259911950e+00,2.950536586529841188e+01,3.200177854050684090e+01,1.868006051369804688e+00,2.549999999849836385e+00,3.200177854050684090e+01,1.868006051369804688e+00,3.070981667434910634e+01,2.425238685155634233e+00
9.512955638722106642e+02,2.036199762259911950e+00,2.951303788969731912e+01,3.201343998204772845e+01,1.867388318814804826e+00,2.549999999842516019e+00,3.201343998204772845e+01,1.867388318814804826e+00,3.071934707041272716e+01,2.424998788783404802e+00
9.533317636344705761e+02,2.036199762259911950e+00,2.952072395799957505e+01,3.202512709477094432e+01,1.866771452354237137e+00,2.549999999834871911e+00,3.202512709477094432e+01,1.866771452354237137e+00,3.072889553575909716e+01,2.424758974049714411e+00
9.557852780009509388e+02,2.453514366480362696e+00,2.953000379864485581e+01,3.203924283132506901e+01,1.866029307253684877e+00,2.549999999825212527e+00,3.203924283132506901e+01,1.866029307253684877e+00,3.074042485544127956e+01,2.424470118111349048e+00
9.582387923674313015e+02,2.453514366480362696e+00,2.953930374663924496e+01,3.205339425600841707e+01,1.865288411128405599e+00,2.549999999815041107e+00,3.205339425600841707e+01,1.865288411128405599e+00,3.075198021800143167e+01,2.424181380343821246e+00
9.600000000000000000e+02,1.761207632568698500e+00,2.954599184676178325e+01,3.206357414514826587e+01,1.864757340707879463e+00,2.549999999807410322e+00,3.206357414514826587e+01,1.864757340707879463e+00,3.076029101065159566e+01,2.423974188295175747e+00
9.600000301040450950e+02,3.010404509495856473e-05,2.954599196116800286e+01,3.206357431928228863e+01,1.864757331635849003e+00,2.549999999807409878e+00,3.206357431928228863e+01,1.864757331635849003e+00,3.076029115282069171e+01,2.423974184754194017e+00
9.600000602080901899e+02,3.010404509495856473e-05,2.954599207557422247e+01,3.206357449340332977e+01,1.864757322563821207e+00,2.549999999807410322e+00,3.206357449340332977e+01,1.864757322563821207e+00,3.076029129498979486e+01,2.423974181213212287e+00
9.600003612485411395e+02,3.010404509495856473e-04,2.954599321963669922e+01,3.206357623415062363e+01,1.864757231843661156e+00,2.549999999807408546e+00,3.206357623415062363e+01,1.864757231843661156e+00,3.076029271668065235e+01,2.423974145803394098e+00
9.600006622889920891e+02,3.010404509495856473e-04,2.954599436369947085e+01,3.206357797454253955e+01,1.864757141123595696e+00,2.549999999807407658e+00,3.206357797454253955e+01,1.864757141123595696e+00,3.076029413837136772e+01,2.423974110393578130e+00
9.600036726935015849e+02,3.010404509495856473e-03,2.954600580435283419e+01,3.206359536427115842e+01,1.864756233927451268e+00,2.549999999807394335e+00,3.206359536427115842e+01,1.864756233927451268e+00,3.076030835526577434e+01,2.423973756295569881e+00
9.600066830980110808e+02,3.010404509495856473e-03,2.954601724503542215e+01,3.206361274294093988e+01,1.864755326735386465e+00,2.549999999807381013e+00,3.206361274294093988e+01,1.864755326735386465e+00,3.076032257214573207e+01,2.423973402197738380e+00
9.600139002993050781e+02,7.217201293997277389e-03,2.954604467325452077e+01,3.206365437808808849e+01,1.864753151828415501e+00,2.549999999807349038e+00,3.206365437808808849e+01,1.864753151828415501e+00,3.076035665591214752e+01,2.423972553277476738e+00
9.600211175005990754e+02,7.217201293997277389e-03,2.954607210163837649e+01,3.206369597690387963e+01,1.864750976939149707e+00,2.549999999807317508e+00,3.206369597690387963e+01,1.864750976939149707e+00,3.076039073959755754e+01,2.423971704358201862e+00
9.600283347018930726e+02,7.217201293997277389e-03,2.954609953019196311e+01,3.206373754635136919e+01,1.864748802066492628e+00,2.549999999807285533e+00,3.206373754635136919e+01,1.864748802066492628e+00,3.076042482319975946e+01,2.423970855439945282e+00
9.600415496709316585e+02,1.321496903858587757e-02,2.954614975335580596e+01,3.206381359751855342e+01,1.864744819833055622e+00,2.549999999807226914e+00,3.206381359751855342e+01,1.864744819833055622e+00,3.076048723135042096e+01,2.423969301041105862e+00
9.600547646399702444e+02,1.321496903858587757e-02,2.954619997709683688e+01,3.206388958033583947e+01,1.864740837649740079e+00,2.549999999807168738e+00,3.206388958033583947e+01,1.864740837649740079e+00,3.076054963922006635e+01,2.423967746645726340e+00
9.600679796090088303e+02,1.321496903858587757e-02,2.954625020141461889e+01,3.206396550382758903e+01,1.864736855514700586e+00,2.549999999807110118e+00,3.206396550382758903e+01,1.864736855514700586e+00,3.076061204680987160e+01,2.423966192253804941e+00
9.600811945780474161e+02,1.321496903858587757e-02,2.954630042630812881e+01,3.206404137384866715e+01,1.864732873426692805e+00,2.549999999807051942e+00,3.206404137384866715e+01,1.864732873426692805e+00,3.076067445412125068e+01,2.423964637865334115e+00
9.601031976575769704e+02,2.200307952955427027e-02,2.954638405262610945e+01,3.206416759149607287e+01,1.864726243305081743e+00,2.549999999806954243e+00,3.206416759149607287e+01,1.864726243305081743e+00,3.076077836241611863e+01,2.423962049797828922e+00
9.601252007371065247e+02,2.200307952955427027e-02,2.954646768053959605e+01,3.206429369008478147e+01,1.864719613307941781e+00,2.549999999806857431e+00,3.206429369008478147e+01,1.864719613307941781e+00,3.076088226994469466e+01,2.423959461739890298e+00
9.601472038166360790e+02,2.200307952955427027e-02,2.954655131004883017e+01,3.206441968126521402e+01,1.864712983432943005e+00,2.549999999806759732e+00,3.206441968126521402e+01,1.864712983432943005e+00,3.076098617670970725e+01,2.423956873691518688e+00
9.601692068961656332e+02,2.200307952955427027e-02,2.954663494115389710e+01,3.206454557345204393e+01,1.864706353678397655e+00,2.549999999806662476e+00,3.206454557345204393e+01,1.864706353678397655e+00,3.076109008271372858e+01,2.423954285652716312e+00
9.602063828524580913e+02,3.717595629245806776e-02,2.954677624619603549e+01,3.206475807117796961e+01,1.864695152449856952e+00,2.549999999806497719e+00,3.206475807117796961e+01,1.864695152449856952e+00,3.076126563846542439e+01,2.423949912976659071e+00
9.602435588087505494e+02,3.717595629245806776e-02,2.954691755579286294e+01,3.206497033184302836e+01,1.864683951555961894e+00,2.549999999806332962e+00,3.206497033184302836e+01,1.864683951555961894e+00,3.076144119206261252e+01,2.423945540327915982e+00
9.602807347650430074e+02,3.717595629245806776e-02,2.954705886994379327e+01,3.206518237567077989e+01,1.864672750992615313e+00,2.549999999806168205e+00,3.206518237567077989e+01,1.864672750992615313e+00,3.076161674351524411e+01,2.423941167706486599e+00
9.603179107213354655e+02,3.717595629245806776e-02,2.954720018864830422e+01,3.206539421811486790e+01,1.864661550756683939e+00,2.549999999806003004e+00,3.206539421811486790e+01,1.864661550756683939e+00,3.076179229283243188e+01,2.423936795112367371e+00
9.603719320964808048e+02,5.402137514533933427e-02,2.954740555074782549e+01,3.206570171796821711e+01,1.864645275973190630e+00,2.549999999805762751e+00,3.206570171796821711e+01,1.864645275973190630e+00,3.076204738444552689e+01,2.423930441227730714e+00
9.604259534716261442e+02,5.402137514533933427e-02,2.954761092245997389e+01,3.206600885125086364e+01,1.864629001869151592e+00,2.549999999805522499e+00,3.206600885125086364e+01,1.864629001869151592e+00,3.076230247159144682e+01,2.423924087400761263e+00
9.604799748467714835e+02,5.402137514533933427e-02,2.954781630378320045e+01,3.206631564394163547e+01,1.864612728439279721e+00,2.549999999805281803e+00,3.206631564394163547e+01,1.864612728439279721e+00,3.076255755429261995e+01,2.423917733631455906e+00
9.605339962219168228e+02,5.402137514533933427e-02,2.954802169471595619e+01,3.206662211706115784e+01,1.864596455679287557e+00,2.549999999805040662e+00,3.206662211706115784e+01,1.864596455679287557e+00,3.076281263256992560e+01,2.423911379919814646e+00
9.606126237983908140e+02,7.862757647399121197e-02,2.954832065635303806e+01,3.206706765101866807e+01,1.864572772027898395e+00,2.549999999804689832e+00,3.206706765101866807e+01,1.864572772027898395e+00,3.076318388861113817e+01,2.423902132258487274e+00
9.606912513748648053e+02,7.862757647399121197e-02,2.954861963833934979e+01,3.206751259091821282e+01,1.864549089778633206e+00,2.549999999804338113e+00,3.206751259091821282e+01,1.864549089778633206e+00,3.076355513537878750e+01,2.423892884719303975e+00
9.607698789513387965e+02,7.862757647399121197e-02,2.954891864067010587e+01,3.206795697441065585e+01,1.864525408923746408e+00,2.549999999803985506e+00,3.206795697441065585e+01,1.864525408923746408e+00,3.076392637292572729e+01,2.423883637302256755e+00
9.608485065278127877e+02,7.862757647399121197e-02,2.954921766334052435e+01,3.206840083363609750e+01,1.864501729456601753e+00,2.549999999803632900e+00,3.206840083363609750e+01,1.864501729456601753e+00,3.076429760130170976e+01,2.423874390007340729e+00
9.609271341042867789e+02,7.862757647399121197e-02,2.954951670634583394e+01,3.206884419614453918e+01,1.864478051371488920e+00,2.549999999803279405e+00,3.206884419614453918e+01,1.864478051371488920e+00,3.076466882055384744e+01,2.423865142834546571e+00
9.610511498582750392e+02,1.240157539882602578e-01,2.954998841480047744e+01,3.206954253935090549e+01,1.864440707785688378e+00,2.549999999802720740e+00,3.206954253935090549e+01,1.864440707785688378e+00,3.076525430961377694e+01,2.423850557931355176e+00
9.611751656122632994e+02,1.240157539882602578e-01,2.955046017381235401e+01,3.207023978446404300e+01,1.864403367609267947e+00,2.549999999802160300e+00,3.207023978446404300e+01,1.864403367609267947e+00,3.076583977625185895e+01,2.423835973331927462e+00
9.612991813662515597e+02,1.240157539882602578e-01,2.955093198336278704e+01,3.207093599753911661e+01,1.864366030828294774e+00,2.549999999801598971e+00,3.207093599753911661e+01,1.864366030828294774e+00,3.076642522062260099e+01,2.423821389036239005e+00
9.614231971202398199e+02,1.240157539882602578e-01,2.955140384343312832e+01,3.207163123542087391e+01,1.864328697430692738e+00,2.549999999801035866e+00,3.207163123542087391e+01,1.864328697430692738e+00,3.076701064287182774e+01,2.423806805044261381e+00
9.615472128742280802e+02,1.240157539882602578e-01,2.955187575400475453e+01,3.207232554745238673e+01,1.864291367405896960e+00,2.549999999800471429e+00,3.207232554745238673e+01,1.864291367405896960e+00,3.076759604313775753e+01,2.423792221355968390e+00
9.617166715230413274e+02,1.694586488132472368e-01,2.955252066762965768e+01,3.207327285578364240e+01,1.864240364036014785e+00,2.549999999799697825e+00,3.207327285578364240e+01,1.864240364036014785e+00,3.076839591538464802e+01,2.423772294280988948e+00
9.618861301718545747e+02,1.694586488132472368e-01,2.955316567546477202e+01,3.207421861034897859e+01,1.864189366925601998e+00,2.549999999798921557e+00,3.207421861034897859e+01,1.864189366925601998e+00,3.076919574714867522e+01,2.423752367772909366e+00
9.620555888206678219e+02,1.694586488132472368e-01,2.955381077746281093e+01,3.207516289289137035e+01,1.864138376056606150e+00,2.549999999798142625e+00,3.207516289289137035e+01,1.864138376056606150e+00,3.076999553873003279e+01,2.423732441831661255e+00
9.622250474694810691e+02,1.694586488132472368e-01,2.955445597357659793e+01,3.207610577516836514e+01,1.864087391412987404e+00,2.549999999797360584e+00,3.207610577516836514e+01,1.864087391412987404e+00,3.077079529041393258e+01,2.423712516457177113e+00
9.623945061182943164e+02,1.694586488132472368e-01,2.955510126375904179e+01,3.207704732064704700e+01,1.864036412980378143e+00,2.549999999796575878e+00,3.207704732064704700e+01,1.864036412980378143e+00,3.077159500247227797e+01,2.423692591649388994e+00
9.626236495308899066e+02,2.291434125955902346e-01,2.955597398009768639e+01,3.207831846003909249e+01,1.863967489369042108e+00,2.549999999795510508e+00,3.207831846003909249e+01,1.863967489369042108e+00,3.077267631729767317e+01,2.423665650057554188e+00
9.628527929434854968e+02,2.291434125955902346e-01,2.955684686823596508e+01,3.207958738067629412e+01,1.863898577062105932e+00,2.549999999794440253e+00,3.207958738067629412e+01,1.863898577062105932e+00,3.077375756075544899e+01,2.423638709501616084e+00
9.630819363560810871e+02,2.291434125955902346e-01,2.955771992805825832e+01,3.208085419012633821e+01,1.863829676033999183e+00,2.549999999793364669e+00,3.208085419012633821e+01,1.863829676033999183e+00,3.077483873342668375e+01,2.423611769981409925e+00
9.633110797686766773e+02,2.291434125955902346e-01,2.955859315944927346e+01,3.208211898397508577e+01,1.863760786261568603e+00,2.549999999792283756e+00,3.208211898397508577e+01,1.863760786261568603e+00,3.077591983586552615e+01,2.423584831496770065e+00
9.635402231812722675e+02,2.291434125955902346e-01,2.955946656229403047e+01,3.208338184774652291e+01,1.863691907723691754e+00,2.549999999791197958e+00,3.208338184774652291e+01,1.863691907723691754e+00,3.077700086860197004e+01,2.423557894047532635e+00
9.638385754457241319e+02,2.983522644518643574e-01,2.956060401830415429e+01,3.208502337158776641e+01,1.863602242405494547e+00,2.549999999789776428e+00,3.208502337158776641e+01,1.863602242405494547e+00,3.077840830517825665e+01,2.423522822153540979e+00
9.641369277101759963e+02,2.983522644518643574e-01,2.956174176453147595e+01,3.208666190472187907e+01,1.863512596061269733e+00,2.549999999788346017e+00,3.208666190472187907e+01,1.863512596061269733e+00,3.077981562552078643e+01,2.423487752014214180e+00
9.644352799746278606e+02,2.983522644518643574e-01,2.956287980072471200e+01,3.208829758167939161e+01,1.863422968655344070e+00,2.549999999786907168e+00,3.208829758167939161e+01,1.863422968655344070e+00,3.078122283065145126e+01,2.423452683629188975e+00
9.647336322390797250e+02,2.983522644518643574e-01,2.956401812663353823e+01,3.208993052331271656e+01,1.863333360154807217e+00,2.549999999785458993e+00,3.208993052331271656e+01,1.863333360154807217e+00,3.078262992154794020e+01,2.423417616998104318e+00
9.650319845035315893e+02,2.983522644518643574e-01,2.956515674200861099e+01,3.209156083883264188e+01,1.863243770529102061e+00,2.549999999784001936e+00,3.209156083883264188e+01,1.863243770529102061e+00,3.078403689914794583e+01,2.423382552120600497e+00
9.654099574426915069e+02,3.779729391599175869e-01,2.956659963266110225e+01,3.209362261687431328e+01,1.863130299356509312e+00,2.549999999782142979e+00,3.209362261687431328e+01,1.863130299356509312e+00,3.078581919278095214e+01,2.423338132066482853e+00
9.657879303818514245e+02,3.779729391599175869e-01,2.956804298699251987e+01,3.209568052057033327e+01,1.863016858377491092e+00,2.549999999780269810e+00,3.209568052057033327e+01,1.863016858377491092e+00,3.078760130777893167e+01,2.423293714825473621e+00
9.661659033210113421e+02,3.779729391599175869e-01,2.956948680450275191e+01,3.209773471331268979e+01,1.862903447541781832e+00,2.549999999778381543e+00,3.209773471331268979e+01,1.862903447541781832e+00,3.078938324582169628e+01,2.423249300396840944e+00
9.665438762601712597e+02,3.779729391599175869e-01,2.957093108469431542e+01,3.209978534322700483e+01,1.862790066802208155e+00,2.549999999776479065e+00,3.209978534322700483e+01,1.862790066802208155e+00,3.079116500852055438e+01,2.423204888779857402e+00
9.669218491993311773e+02,3.779729391599175869e-01,2.957237582707238843e+01,3.210183254528322294e+01,1.862676716114264108e+00,2.549999999774561044e+00,3.210183254528322294e+01,1.862676716114264108e+00,3.079294659742447138e+01,2.423160479973795134e+00
9.673899372150915497e+02,4.680880157603724001e-01,2.957416566009668557e+01,3.210436326747474567e+01,1.862536382314622374e+00,2.549999999772165626e+00,3.210436326747474567e+01,1.862536382314622374e+00,3.079515270828981954e+01,2.423105487259870738e+00
9.678580252308519221e+02,4.680880157603724001e-01,2.957595620028185479e+01,3.210688913478879414e+01,1.862396094464034979e+00,2.549999999769747117e+00,3.210688913478879414e+01,1.862396094464034979e+00,3.079735855761673236e+01,2.423050498854495860e+00
9.683261132466122945e+02,4.680880157603724001e-01,2.957774744670549083e+01,3.210941034085691115e+01,1.862255852490706909e+00,2.549999999767305070e+00,3.210941034085691115e+01,1.862255852490706909e+00,3.079956414801537079e+01,2.422995514756297375e+00
9.687942012623726669e+02,4.680880157603724001e-01,2.957953939845177516e+01,3.211192706257185847e+01,1.862115656326252422e+00,2.549999999764839487e+00,3.211192706257185847e+01,1.862115656326252422e+00,3.080176948199488152e+01,2.422940534963902159e+00
9.692622892781330393e+02,4.680880157603724001e-01,2.958133205461158965e+01,3.211443946224184742e+01,1.861975505905259842e+00,2.549999999762349923e+00,3.211443946224184742e+01,1.861975505905259842e+00,3.080397456197174577e+01,2.422885559475937090e+00
9.698444882486708138e+02,5.821989705377745850e-01,2.958356270781321840e+01,3.211755853052090970e+01,1.861801253212724827e+00,2.549999999759220426e+00,3.211755853052090970e+01,1.861801253212724827e+00,3.080671684758139151e+01,2.422817188013967282e+00
9.704266872192085884e+02,5.821989705377745850e-01,2.958579444761955202e+01,3.212067140651168273e+01,1.861627071072074813e+00,2.549999999756053182e+00,3.212067140651168273e+01,1.861627071072074813e+00,3.080945874816690377e+01,2.422748823206164914e+00
9.710088861897463630e+02,5.821989705377745850e-01,2.958802727232595942e+01,3.212377833086734569e+01,1.861452959372113414e+00,2.549999999752848190e+00,3.212377833086734569e+01,1.861452959372113414e+00,3.081220026787282507e+01,2.422680465049903642e+00
9.715910851602841376e+02,5.821989705377745850e-01,2.959026118024476659e+01,3.212687952423625148e+01,1.861278918005757177e+00,2.549999999749605006e+00,3.212687952423625148e+01,1.861278918005757177e+00,3.081494141068629844e+01,2.422612113542559786e+00
9.721732841308219122e+02,5.821989705377745850e-01,2.959249616970551955e+01,3.212997518974610500e+01,1.861104946869536647e+00,2.549999999746323187e+00,3.212997518974610500e+01,1.861104946869536647e+00,3.081768218044954111e+01,2.422543768681514109e+00
9.727554831013596868e+02,5.821989705377745850e-01,2.959473223905522588e+01,3.213306551520241072e+01,1.860931045863150946e+00,2.549999999743002288e+00,3.213306551520241072e+01,1.860931045863150946e+00,3.082042258087129127e+01,2.422475430464153590e+00
9.736077957382781278e+02,8.523126369184410578e-01,2.959800768644618785e+01,3.213758033905757827e+01,1.860676589032668860e+00,2.549999999738068901e+00,3.213758033905757827e+01,1.860676589032668860e+00,3.082443374292851246e+01,2.422375398419631676e+00
9.744601083751965689e+02,8.523126369184410578e-01,2.960128543965186765e+01,3.214208459124924389e+01,1.860422281996829463e+00,2.549999999733049805e+00,3.214208459124924389e+01,1.860422281996829463e+00,3.082844413189911137e+01,2.422275380599826722e+00
9.753124210121150099e+02,8.523126369184410578e-01,2.960456549369502355e+01,3.214657872688857054e+01,1.860168124468911888e+00,2.549999999727943223e+00,3.214657872688857054e+01,1.860168124468911888e+00,3.083245375811859290e+01,2.422175376996574148e+00
9.761647336490334510e+02,8.523126369184410578e-01,2.960784784368378553e+01,3.215106316064249370e+01,1.859914116170718446e+00,2.549999999722748267e+00,3.215106316064249370e+01,1.859914116170718446e+00,3.083646263148795796e+01,2.422075387601728025e+00
9.770170462859518921e+02,8.523126369184410578e-01,2.961113248481305504e+01,3.215553827215397575e+01,1.859660256831479508e+00,2.549999999717463162e+00,3.215553827215397575e+01,1.859660256831479508e+00,3.084047076151083644e+01,2.421975412407153527e+00
9.778693589228703331e+02,8.523126369184410578e-01,2.961441941236581954e+01,3.216000441072303317e+01,1.859406546186911591e+00,2.549999999712086574e+00,3.216000441072303317e+01,1.859406546186911591e+00,3.084447815732690401e+01,2.421875451404733592e+00
9.789178184917918770e+02,1.048459568921543905e+00,2.961846590627182962e+01,3.216548653038694994e+01,1.859094651434692880e+00,2.549999999705344855e+00,3.216548653038694994e+01,1.859094651434692880e+00,3.084940680088302045e+01,2.421752505336502548e+00
9.799662780607134209e+02,1.048459568921543905e+00,2.962251584464412701e+01,3.217095611140244671e+01,1.858782980830239184e+00,2.549999999698460140e+00,3.217095611140244671e+01,1.858782980830239184e+00,3.085433436246656314e+01,2.421629580716974761e+00
9.810147376296349648e+02,1.048459568921543905e+00,2.962656921926706133e+01,3.217641365980823309e+01,1.858471533912947615e+00,2.549999999691429320e+00,3.217641365980823309e+01,1.858471533912947615e+00,3.085926085717826695e+01,2.421506677531125362e+00
9.820631971985565087e+02,1.048459568921543905e+00,2.963062602213828711e+01,3.218185964075938443e+01,1.858160310231300238e+00,2.549999999684250174e+00,3.218185964075938443e+01,1.858160310231300238e+00,3.086418629952181902e+01,2.421383795763960567e+00
9.831116567674780526e+02,1.048459568921543905e+00,2.963468624547134311e+01,3.218729448359468392e+01,1.857849309341841115e+00,2.549999999676919593e+00,3.218729448359468392e+01,1.857849309341841115e+00,3.086911070345091090e+01,2.421260935400515457e+00
9.841601163363995965e+02,1.048459568921543905e+00,2.963874988169801483e+01,3.219271858615252313e+01,1.857538530808305888e+00,2.549999999669434469e+00,3.219271858615252313e+01,1.857538530808305888e+00,3.087403408241119607e+01,2.421138096425855313e+00
9.854479892590185273e+02,1.287872922618930716e+00,2.964374610005723198e+01,3.219936711358064940e+01,1.857157090387030030e+00,2.549999999660024663e+00,3.219936711358064940e+01,1.857157090387030030e+00,3.088008032004443137e+01,2.420987236701802825e+00
9.867358621816374580e+02,1.287872922618930716e+00,2.964874744368871617e+01,3.220600062653407747e+01,1.856775984032238869e+00,2.549999999650371940e+00,3.220600062653407747e+01,1.856775984032238869e+00,3.088612505386024765e+01,2.420836409199908168e+00
9.880237351042563887e+02,1.287872922618930716e+00,2.965375389994341049e+01,3.221261970957511522e+01,1.856395210971379273e+00,2.549999999640470971e+00,3.221261970957511522e+01,1.856395210971379273e+00,3.089216830608661368e+01,2.420685613892668897e+00
9.893116080268753194e+02,1.287872922618930716e+00,2.965876545668578856e+01,3.221922490315100163e+01,1.856014770442703243e+00,2.549999999630316427e+00,3.221922490315100163e+01,1.856014770442703243e+00,3.089821009810213326e+01,2.420534850752642964e+00
9.905994809494942501e+02,1.287872922618930716e+00,2.966378210229634504e+01,3.222581670865326231e+01,1.855634661694246068e+00,2.549999999619901647e+00,3.222581670865326231e+01,1.855634661694246068e+00,3.090425045049870789e+01,2.420384119752454488e+00
9.918873538721131808e+02,1.287872922618930716e+00,2.966880382567323693e+01,3.223239559276360211e+01,1.855254883982949909e+00,2.549999999609221302e+00,3.223239559276360211e+01,1.855254883982949909e+00,3.091028938313782604e+01,2.420233420864787544e+00
9.934595624064697859e+02,1.572208534356605014e+00,2.967494110910442728e+01,3.224041007405028836e+01,1.854791706900680071e+00,2.549999999595813804e+00,3.224041007405028836e+01,1.854791706900680071e+00,3.091765969008906012e+01,2.420049494280619218e+00
9.950317709408263909e+02,1.572208534356605014e+00,2.968108592599050155e+01,3.224840668269290944e+01,1.854329020747102597e+00,2.549999999581990195e+00,3.224840668269290944e+01,1.854329020747102597e+00,3.092502794333878313e+01,2.419865615463725472e+00
9.966039794751829959e+02,1.572208534356605014e+00,2.968723825926842252e+01,3.225638610053684374e+01,1.853866824215595122e+00,2.549999999567738485e+00,3.225638610053684374e+01,1.853866824215595122e+00,3.093239417520128143e+01,2.419681784364775545e+00
9.981761880095396009e+02,1.572208534356605014e+00,2.969339809301271060e+01,3.226434896058896840e+01,1.853405116013595366e+00,2.549999999553047569e+00,3.226434896058896840e+01,1.853405116013595366e+00,3.093975841677902494e+01,2.419498000934565685e+00
9.997483965438962059e+02,1.572208534356605014e+00,2.969956541242278547e+01,3.227229585228784003e+01,1.852943894861533103e+00,2.549999999537904571e+00,3.227229585228784003e+01,1.852943894861533103e+00,3.094712069804768717e+01,2.419314265124025365e+00
1.001320605078252811e+03,1.572208534356605014e+00,2.970574020380568925e+01,3.228022732608649648e+01,1.852483159491895792e+00,2.549999999522297944e+00,3.228022732608649648e+01,1.852483159491895792e+00,3.095448104793286603e+01,2.419130576884210626e+00
1.003215674978290963e+03,1.895069900038151900e+00,2.971319293467485068e+01,3.228976780734829077e+01,1.851928453548282283e+00,2.549999999502851722e+00,3.228976780734829077e+01,1.851928453548282283e+00,3.096335035730276175e+01,2.418909230447391590e+00
1.005110744878329115e+03,1.895069900038151900e+00,2.972065648312831243e+01,3.229928747707645442e+01,1.851374449384643350e+00,2.549999999482690072e+00,3.229928747707645442e+01,1.851374449384643350e+00,3.097221694832021655e+01,2.418687952969030164e+00
1.007005814778367267e+03,1.895069900038151900e+00,2.972813083126222011e+01,3.230878711753778987e+01,1.850821144842100585e+00,2.549999999461789901e+00,3.230878711753778987e+01,1.850821144842100585e+00,3.098108086635365765e+01,2.418466744364143217e+00
1.008900884678405419e+03,1.895069900038151900e+00,2.973561596320562472e+01,3.231826745759463648e+01,1.850268537781312395e+00,2.549999999440127230e+00,3.231826745759463648e+01,1.850268537781312395e+00,3.098994215509284444e+01,2.418245604548008298e+00
1.010795954578443570e+03,1.895069900038151900e+00,2.974311186499262760e+01,3.232772917817559488e+01,1.849716626081341131e+00,2.549999999417676744e+00,3.232772917817559488e+01,1.849716626081341131e+00,3.099880085666127982e+01,2.418024533436158308e+00
1.012691024478481722e+03,1.895069900038151900e+00,2.975061852441589849e+01,3.233717291706637553e+01,1.849165407638657888e+00,2.549999999394413575e+00,3.233717291706637553e+01,1.849165407638657888e+00,3.100765701171802391e+01,2.417803530944385493e+00
1.014946551420978949e+03,2.255526942497226628e+00,2.975956701577604946e+01,3.234839031868993686e+01,1.848510243859368130e+00,2.549999999365629932e+00,3.234839031868993686e+01,1.848510243859368130e+00,3.101819441162415458e+01,2.417540581381972586e+00
1.017202078363476176e+03,2.255526942497226628e+00,2.976853071605594891e+01,3.235958403860674792e+01,1.847856055699264699e+00,2.549999999335612166e+00,3.235958403860674792e+01,1.847856055699264699e+00,3.102872832361314082e+01,2.417277728766387135e+00
1.019457605305973402e+03,2.255526942497226628e+00,2.977750961229564197e+01,3.237075495773962075e+01,1.847202839698768306e+00,2.549999999304313647e+00,3.237075495773962075e+01,1.847202839698768306e+00,3.103925880914251678e+01,2.417014972957041596e+00
1.020000000000000000e+03,5.423946940265977901e-01,2.977967106505776940e+01,3.237343796108647354e+01,1.847045903107990661e+00,2.549999999296590936e+00,3.237343796108647354e+01,1.847045903107990661e+00,3.104179060853811833e+01,2.416951801543543610e+00
1.020000030139344403e+03,3.013934440332377562e-05,2.977967118518800405e+01,3.237343811016996398e+01,1.847045894389024667e+00,2.549999999296590492e+00,3.237343811016996398e+01,1.847045894389024667e+00,3.104179074921768944e+01,2.416951798033441179e+00
1.020000060278688807e+03,3.013934440332377562e-05,2.977967130531823869e+01,3.237343825927271723e+01,1.847045885670060672e+00,2.549999999296590047e+00,3.237343825927271723e+01,1.847045885670060672e+00,3.104179088989726765e+01,2.416951794523339192e+00
1.020000361672132840e+03,3.013934440332377562e-04,2.977967250662084098e+01,3.237343975098725934e+01,1.847045798480529077e+00,2.549999999296585607e+00,3.237343975098725934e+01,1.847045798480529077e+00,3.104179229669365014e+01,2.416951759422320212e+00
1.020000663065576873e+03,3.013934440332377562e-04,2.977967370792370971e+01,3.237344124322915206e+01,1.847045711291082526e+00,2.549999999296581610e+00,3.237344124322915206e+01,1.847045711291082526e+00,3.104179370349075739e+01,2.416951724321302564e+00
1.020003367907166762e+03,2.704841589888928866e-03,2.977968448897978604e+01,3.237345465286725243e+01,1.847044928816770515e+00,2.549999999296542530e+00,3.237345465286725243e+01,1.847044928816770515e+00,3.104180632877780255e+01,2.416951409308954357e+00
1.020006072748756651e+03,2.704841589888928866e-03,2.977969527005722483e+01,3.237346807633281287e+01,1.847044146345511395e+00,2.549999999296503894e+00,3.237346807633281287e+01,1.847044146345511395e+00,3.104181895412293457e+01,2.416951094296744706e+00
1.020012205139157459e+03,6.132390400807707920e-03,2.977971971288197395e+01,3.237349854300913421e+01,1.847042372342923677e+00,2.549999999296416409e+00,3.237349854300913421e+01,1.847042372342923677e+00,3.104184757837600728e+01,2.416950380104601059e+00
1.020018337529558266e+03,6.132390400807707920e-03,2.977974415581413581e+01,3.237352905105446155e+01,1.847040598352237328e+00,2.549999999296328479e+00,3.237352905105446155e+01,1.847040598352237328e+00,3.104187620292075422e+01,2.416949665913147527e+00
1.020024469919959074e+03,6.132390400807707920e-03,2.977976859885712102e+01,3.237355959294665553e+01,1.847038824372754462e+00,2.549999999296240549e+00,3.237355959294665553e+01,1.847038824372754462e+00,3.104190482776623838e+01,2.416948951722405425e+00
1.020035654624658150e+03,1.118470469907606457e-02,2.977981318016439616e+01,3.237361537122004762e+01,1.847035588885835411e+00,2.549999999296080677e+00,3.237361537122004762e+01,1.847035588885835411e+00,3.104195703664443329e+01,2.416947649130642528e+00
1.020046839329357226e+03,1.118470469907606457e-02,2.977985776184593192e+01,3.237367122852047885e+01,1.847032353432464191e+00,2.549999999295920361e+00,3.237367122852047885e+01,1.847032353432464191e+00,3.104200924653629912e+01,2.416946346541282153e+00
1.020058024034056302e+03,1.118470469907606457e-02,2.977990234390145119e+01,3.237372715451534333e+01,1.847029118011368931e+00,2.549999999295760045e+00,3.237372715451534333e+01,1.847029118011368931e+00,3.104206145744006662e+01,2.416945043954324301e+00
1.020069208738755378e+03,1.118470469907606457e-02,2.977994692633026830e+01,3.237378314250000955e+01,1.847025882621692094e+00,2.549999999295599729e+00,3.237378314250000955e+01,1.847025882621692094e+00,3.104211366935306060e+01,2.416943741369763643e+00
1.020087539526284900e+03,1.833078752952133073e-02,2.978001999397753252e+01,3.237387502313991661e+01,1.847020580157283653e+00,2.549999999295337272e+00,3.237387502313991661e+01,1.847020580157283653e+00,3.104219924245424878e+01,2.416941606548728583e+00
1.020105870313814421e+03,1.833078752952133073e-02,2.978009306262722689e+01,3.237396703834925660e+01,1.847015277773370379e+00,2.549999999295074371e+00,3.237396703834925660e+01,1.847015277773370379e+00,3.104228481826038077e+01,2.416939471734131040e+00
1.020124201101343942e+03,1.833078752952133073e-02,2.978016613227958942e+01,3.237405917534896815e+01,1.847009975468415055e+00,2.549999999294811470e+00,3.237405917534896815e+01,1.847009975468415055e+00,3.104237039676934273e+01,2.416937336925972790e+00
1.020142531888873464e+03,1.833078752952133073e-02,2.978023920293473026e+01,3.237415142484282171e+01,1.847004673241295247e+00,2.549999999294548569e+00,3.237415142484282171e+01,1.847004673241295247e+00,3.104245597797894263e+01,2.416935202124253834e+00
1.020173320649295647e+03,3.078876042218325892e-02,2.978036193613732152e+01,3.237430660264671900e+01,1.846995767686481882e+00,2.549999999294106701e+00,3.237430660264671900e+01,1.846995767686481882e+00,3.104259972797558476e+01,2.416931616482722589e+00
1.020204109409717830e+03,3.078876042218325892e-02,2.978048467216877171e+01,3.237446204810141381e+01,1.846986862345203706e+00,2.549999999293664832e+00,3.237446204810141381e+01,1.846986862345203706e+00,3.104274348557422414e+01,2.416928030859356813e+00
1.020234898170140013e+03,3.078876042218325892e-02,2.978060741102901332e+01,3.237461773908815132e+01,1.846977957214765764e+00,2.549999999293222519e+00,3.237461773908815132e+01,1.846977957214765764e+00,3.104288725076544608e+01,2.416924445254154730e+00
1.020265686930562197e+03,3.078876042218325892e-02,2.978073015271800372e+01,3.237477365863621515e+01,1.846969052293099711e+00,2.549999999292779762e+00,3.237477365863621515e+01,1.846969052293099711e+00,3.104303102354066013e+01,2.416920859667117671e+00
1.020310176681771736e+03,4.448975120953946316e-02,2.978090751942526637e+01,3.237499933778185834e+01,1.846956185048834298e+00,2.549999999292139830e+00,3.237499933778185834e+01,1.846956185048834298e+00,3.104323878854643937e+01,2.416915678526819544e+00
1.020354666432981276e+03,4.448975120953946316e-02,2.978108489203892262e+01,3.237522543092714500e+01,1.846943318232772802e+00,2.549999999291499009e+00,3.237522543092714500e+01,1.846943318232772802e+00,3.104344656934887325e+01,2.416910497424445747e+00
1.020399156184190815e+03,4.448975120953946316e-02,2.978126227055890141e+01,3.237545191020493007e+01,1.846930451841508392e+00,2.549999999290858188e+00,3.237545191020493007e+01,1.846930451841508392e+00,3.104365436592717487e+01,2.416905316359996281e+00
1.020443645935400355e+03,4.448975120953946316e-02,2.978143965498512813e+01,3.237567875215511037e+01,1.846917585872168255e+00,2.549999999290216479e+00,3.237567875215511037e+01,1.846917585872168255e+00,3.104386217826183270e+01,2.416900135333468480e+00
1.020488135686609894e+03,4.448975120953946316e-02,2.978161704531751752e+01,3.237590593704944553e+01,1.846904720322331217e+00,2.549999999289574326e+00,3.237590593704944553e+01,1.846904720322331217e+00,3.104407000633439750e+01,2.416894954344862345e+00
1.020563843868147273e+03,7.570818153737945977e-02,2.978191892391064499e+01,3.237629327886973130e+01,1.846882827982860631e+00,2.549999999288480534e+00,3.237629327886973130e+01,1.846882827982860631e+00,3.104442370336242973e+01,2.416886137946990587e+00
1.020639552049684653e+03,7.570818153737945977e-02,2.978222081960614886e+01,3.237668149718861343e+01,1.846860936843825129e+00,2.549999999287384966e+00,3.237668149718861343e+01,1.846860936843825129e+00,3.104477744583307697e+01,2.416877321658920330e+00
1.020715260231222032e+03,7.570818153737945977e-02,2.978252273240366677e+01,3.237707053598266072e+01,1.846839046898296033e+00,2.549999999286288066e+00,3.237707053598266072e+01,1.846839046898296033e+00,3.104513123367123484e+01,2.416868505480646245e+00
1.020790968412759412e+03,7.570818153737945977e-02,2.978282466230282566e+01,3.237746034774635007e+01,1.846817158140377169e+00,2.549999999285189833e+00,3.237746034774635007e+01,1.846817158140377169e+00,3.104548506680627185e+01,2.416859689412162560e+00
1.020866676594296791e+03,7.570818153737945977e-02,2.978312660930326672e+01,3.237785089188710685e+01,1.846795270565011471e+00,2.549999999284089824e+00,3.237785089188710685e+01,1.846795270565011471e+00,3.104583894517132947e+01,2.416850873453464388e+00
1.020972848053750226e+03,1.061714594534350908e-01,2.978355008182592911e+01,3.237839974991726422e+01,1.846764577902928028e+00,2.549999999282544394e+00,3.237839974991726422e+01,1.846764577902928028e+00,3.104633529234084932e+01,2.416838510335207690e+00
1.021079019513203662e+03,1.061714594534350908e-01,2.978397358797932881e+01,3.237894989836102866e+01,1.846733887547712394e+00,2.549999999280996299e+00,3.237894989836102866e+01,1.846733887547712394e+00,3.104683172817258807e+01,2.416826147432834304e+00
1.021185190972657097e+03,1.061714594534350908e-01,2.978439712776247816e+01,3.237950126785977290e+01,1.846703199490583813e+00,2.549999999279445095e+00,3.237950126785977290e+01,1.846703199490583813e+00,3.104732825251047856e+01,2.416813784746327798e+00
1.021291362432110532e+03,1.061714594534350908e-01,2.978482070117438596e+01,3.238005379815799500e+01,1.846672513723866871e+00,2.549999999277890783e+00,3.238005379815799500e+01,1.846672513723866871e+00,3.104782486520639040e+01,2.416801422275672184e+00
1.021397533891563967e+03,1.061714594534350908e-01,2.978524430821407165e+01,3.238060743650848394e+01,1.846641830240796089e+00,2.549999999276333362e+00,3.238060743650848394e+01,1.846641830240796089e+00,3.104832156611904637e+01,2.416789060020851920e+00
1.021545889713147062e+03,1.483558215830953486e-01,2.978583628039285713e+01,3.238138281662254059e+01,1.846598959317994559e+00,2.549999999274151996e+00,3.238138281662254059e+01,1.846598959317994559e+00,3.104901576522585671e+01,2.416771786319415138e+00
1.021694245534730157e+03,1.483558215830953486e-01,2.978642831822569192e+01,3.238216015988607666e+01,1.846556092828023354e+00,2.549999999271964857e+00,3.238216015988607666e+01,1.846556092828023354e+00,3.104971013596315643e+01,2.416754513039327534e+00
1.021842601356313253e+03,1.483558215830953486e-01,2.978702042170992925e+01,3.238293937102812947e+01,1.846513230758327184e+00,2.549999999269771944e+00,3.238293937102812947e+01,1.846513230758327184e+00,3.105040467799815573e+01,2.416737240180546475e+00
1.021990957177896348e+03,1.483558215830953486e-01,2.978761259084294011e+01,3.238372036617162308e+01,1.846470373097734097e+00,2.549999999267572814e+00,3.238372036617162308e+01,1.846470373097734097e+00,3.105109939101338412e+01,2.416719967743031550e+00
1.022139312999479444e+03,1.483558215830953486e-01,2.978820482562210969e+01,3.238450307090588609e+01,1.846427519836221665e+00,2.549999999265367912e+00,3.238450307090588609e+01,1.846427519836221665e+00,3.105179427470500286e+01,2.416702695726739680e+00
1.022337203654366363e+03,1.978906548869190374e-01,2.978899490508037573e+01,3.238554966157865067e+01,1.846370365042204087e+00,2.549999999262417383e+00,3.238554966157865067e+01,1.846370365042204087e+00,3.105272143972360155e+01,2.416679657376663126e+00
1.022535094309253282e+03,1.978906548869190374e-01,2.978978510132998991e+01,3.238659903735015178e+01,1.846313218040055215e+00,2.549999999259455752e+00,3.238659903735015178e+01,1.846313218040055215e+00,3.105364890724150584e+01,2.416656619775881865e+00
1.022732984964140201e+03,1.978906548869190374e-01,2.979057541436484158e+01,3.238765107584421798e+01,1.846256078812571033e+00,2.549999999256483907e+00,3.238765107584421798e+01,1.846256078812571033e+00,3.105457667662727061e+01,2.416633582924299972e+00
1.022930875619027120e+03,1.978906548869190374e-01,2.979136584417886624e+01,3.238870566796508399e+01,1.846198947344160901e+00,2.549999999253500516e+00,3.238870566796508399e+01,1.846198947344160901e+00,3.105550474727593979e+01,2.416610546821817529e+00
1.023128766273914039e+03,1.978906548869190374e-01,2.979215639076602429e+01,3.238976271580699517e+01,1.846141823620594202e+00,2.549999999250506910e+00,3.238976271580699517e+01,1.846141823620594202e+00,3.105643311860638889e+01,2.416587511468337279e+00
1.023384525699535175e+03,2.557594256211359607e-01,2.979317828829763570e+01,3.239113236913178184e+01,1.846068006772181525e+00,2.549999999246621574e+00,3.239113236913178184e+01,1.846068006772181525e+00,3.105763341624106744e+01,2.416557741041650775e+00
1.023640285125156311e+03,2.557594256211359607e-01,2.979420038086065858e+01,3.239250580684176128e+01,1.845994202812998530e+00,2.549999999242718030e+00,3.239250580684176128e+01,1.845994202812998530e+00,3.105883421403267519e+01,2.416527971865700675e+00
1.023896044550777447e+03,2.557594256211359607e-01,2.979522266844223921e+01,3.239388287683721046e+01,1.845920411719528254e+00,2.549999999238796278e+00,3.239388287683721046e+01,1.845920411719528254e+00,3.106003551086986647e+01,2.416498203940274259e+00
1.024151803976398696e+03,2.557594256212496475e-01,2.979624515102958426e+01,3.239526344209443209e+01,1.845846633470088261e+00,2.549999999234856318e+00,3.239526344209443209e+01,1.845846633470088261e+00,3.106123730568425501e+01,2.416468437265161917e+00
1.024407563402020060e+03,2.557594256213633344e-01,2.979726782860993239e+01,3.239664737846475617e+01,1.845772868044563975e+00,2.549999999230897263e+00,3.239664737846475617e+01,1.845772868044563975e+00,3.106243959744634253e+01,2.416438671840153596e+00
1.024729606214002160e+03,3.220428119821008295e-01,2.979855582372957912e+01,3.239839460095594603e+01,1.845680003559152071e+00,2.549999999225886604e+00,3.239839460095594603e+01,1.845680003559152071e+00,3.106395418406738784e+01,2.416401194095299410e+00
1.025051649025984261e+03,3.220428119821008295e-01,2.979984412796342852e+01,3.240014678567332140e+01,1.845587159341460781e+00,2.549999999220845748e+00,3.240014678567332140e+01,1.845587159341460781e+00,3.106546955510957275e+01,2.416363718331723032e+00
1.025373691837966362e+03,3.220428119821008295e-01,2.980113274128613199e+01,3.240190374870073953e+01,1.845494335359127103e+00,2.549999999215775581e+00,3.240190374870073953e+01,1.845494335359127103e+00,3.106698570873479781e+01,2.416326244549007463e+00
1.025695734649948463e+03,3.220428119821008295e-01,2.980242166367232670e+01,3.240366532288017964e+01,1.845401531581834842e+00,2.549999999210675661e+00,3.240366532288017964e+01,1.845401531581834842e+00,3.106850264317073496e+01,2.416288772746736147e+00
1.026017777461930564e+03,3.220428119821008295e-01,2.980371089509658944e+01,3.240543135553905074e+01,1.845308747981038167e+00,2.549999999205545542e+00,3.240543135553905074e+01,1.845308747981038167e+00,3.107002035670513962e+01,2.416251302924494304e+00
1.026416470234944200e+03,3.986927730136358150e-01,2.980530740678477031e+01,3.240762369303133994e+01,1.845193908707702501e+00,2.549999999199152878e+00,3.240762369303133994e+01,1.845193908707702501e+00,3.107190038068175042e+01,2.416204917588105072e+00
1.026815163007957835e+03,3.986927730136358150e-01,2.980690439203955933e+01,3.240982240771605660e+01,1.845079100268684824e+00,2.549999999192713140e+00,3.240982240771605660e+01,1.845079100268684824e+00,3.107378159318861321e+01,2.416158535285028108e+00
1.027213855780971471e+03,3.986927730136358150e-01,2.980850185081198234e+01,3.241202727891332103e+01,1.844964322618278141e+00,2.549999999186227218e+00,3.241202727891332103e+01,1.844964322618278141e+00,3.107566399129637702e+01,2.416112156014475154e+00
1.027612548553985107e+03,3.986927730136358150e-01,2.981009978305260333e+01,3.241423810487832924e+01,1.844849575713102263e+00,2.549999999179693777e+00,3.241423810487832924e+01,1.844849575713102263e+00,3.107754757217438879e+01,2.416065779775663724e+00
1.028011241326998743e+03,3.986927730136358150e-01,2.981169818871146049e+01,3.241645470036321797e+01,1.844734859511808711e+00,2.549999999173113263e+00,3.241645470036321797e+01,1.844734859511808711e+00,3.107943233308261455e+01,2.416019406567808225e+00
1.028409934100012379e+03,3.986927730136358150e-01,2.981329706773794186e+01,3.241867689446770839e+01,1.844620173974819588e+00,2.549999999166484788e+00,3.241867689446770839e+01,1.844620173974819588e+00,3.108131827136435632e+01,2.415973036390126172e+00
1.029003716498691347e+03,5.937823986789680930e-01,2.981567919274701595e+01,3.242199649959647445e+01,1.844449426904181344e+00,2.549999999156523867e+00,3.242199649959647445e+01,1.844449426904181344e+00,3.108412921996966816e+01,2.415903981823822377e+00
1.029597498897370315e+03,5.937823986789680930e-01,2.981806236743799232e+01,3.242532769558494721e+01,1.844278747645399452e+00,2.549999999146455032e+00,3.242532769558494721e+01,1.844278747645399452e+00,3.108694276614780705e+01,2.415834933974381649e+00
1.030191281296049283e+03,5.937823986789680930e-01,2.982044659163314293e+01,3.242867004976537260e+01,1.844108136084089189e+00,2.549999999136277840e+00,3.242867004976537260e+01,1.844108136084089189e+00,3.108975890198079028e+01,2.415765892839230489e+00
1.030785063694728251e+03,5.937823986789680930e-01,2.982283186514942130e+01,3.243202316907903082e+01,1.843937592110810986e+00,2.549999999125990957e+00,3.243202316907903082e+01,1.843937592110810986e+00,3.109257761983799639e+01,2.415696858415799397e+00
1.031378846093407219e+03,5.937823986789680930e-01,2.982521818779778044e+01,3.243538669456418688e+01,1.843767115620399633e+00,2.549999999115593496e+00,3.243538669456418688e+01,1.843767115620399633e+00,3.109539891235092313e+01,2.415627830701520651e+00
1.031972628492086187e+03,5.937823986789680930e-01,2.982760555938255109e+01,3.243876029660464866e+01,1.843596706511386296e+00,2.549999999105084125e+00,3.243876029660464866e+01,1.843596706511386296e+00,3.109822277239066679e+01,2.415558809693830966e+00
1.032713144982323684e+03,7.405164902374963276e-01,2.983058436201665486e+01,3.244298123561704728e+01,1.843384280576175538e+00,2.549999999091819625e+00,3.244298123561704728e+01,1.843384280576175538e+00,3.110174804518107194e+01,2.415472741772638710e+00
1.033453661472561180e+03,7.405164902374963276e-01,2.983356479533694028e+01,3.244721683399160383e+01,1.843171959102447577e+00,2.549999999078377488e+00,3.244721683399160383e+01,1.843171959102447577e+00,3.110527728756098043e+01,2.415386684273285844e+00
1.034194177962798676e+03,7.405164902374963276e-01,2.983654685891160696e+01,3.245146659715853588e+01,1.842959741911819105e+00,2.549999999064755940e+00,3.245146659715853588e+01,1.842959741911819105e+00,3.110881048701835994e+01,2.415300637190828326e+00
1.034934694453036172e+03,7.405164902374963276e-01,2.983953055228618823e+01,3.245573007147130085e+01,1.842747628831184814e+00,2.549999999050952315e+00,3.245573007147130085e+01,1.842747628831184814e+00,3.111234763145294480e+01,2.415214600520326993e+00
1.035675210943273669e+03,7.405164902374963276e-01,2.984251587498178893e+01,3.246000683893585403e+01,1.842535619692073690e+00,2.549999999036964837e+00,3.246000683893585403e+01,1.842535619692073690e+00,3.111588870914300031e+01,2.415128574256850680e+00
1.036415727433511165e+03,7.405164902374963276e-01,2.984550282649338371e+01,3.246429651274679173e+01,1.842323714330103890e+00,2.549999999022791286e+00,3.246429651274679173e+01,1.842323714330103890e+00,3.111943370871593117e+01,2.415042558395477990e+00
1.037334563184969284e+03,9.188357514581184660e-01,2.984921131116331949e+01,3.246963656206386872e+01,1.842060925359684465e+00,2.549999999004942453e+00,3.246963656206386872e+01,1.842060925359684465e+00,3.112383779365545422e+01,2.414935844032566781e+00
1.038253398936427402e+03,9.188357514581184660e-01,2.985292230164549920e+01,3.247499529637078552e+01,1.841798295616618786e+00,2.549999998986799632e+00,3.247499529637078552e+01,1.841798295616618786e+00,3.112824787924474990e+01,2.414829145667737098e+00
1.039172234687885521e+03,9.188357514581184660e-01,2.985663579678433521e+01,3.248037213221648756e+01,1.841535824807653876e+00,2.549999998968357939e+00,3.248037213221648756e+01,1.841535824807653876e+00,3.113266394566987216e+01,2.414722463291635091e+00
1.040091070439343639e+03,9.188357514581184660e-01,2.986035179534550110e+01,3.248576653089747879e+01,1.841273512645652533e+00,2.549999998949613822e+00,3.248576653089747879e+01,1.841273512645652533e+00,3.113708597372136921e+01,2.414615796894922450e+00
1.041009906190801757e+03,9.188357514581184660e-01,2.986407029601167196e+01,3.249117799315773425e+01,1.841011358848941848e+00,2.549999998930562395e+00,3.249117799315773425e+01,1.841011358848941848e+00,3.114151394474897572e+01,2.414509146468277301e+00
1.041928741942259876e+03,9.188357514581184660e-01,2.986779129737849203e+01,3.249660605466222307e+01,1.840749363140754546e+00,2.549999998911199217e+00,3.249660605466222307e+01,1.840749363140754546e+00,3.114594784062114030e+01,2.414402512002396417e+00
1.043060017031446478e+03,1.131275089186601690e+00,2.987237604511379629e+01,3.250331127198501235e+01,1.840427009475934295e+00,2.549999998886924413e+00,3.250331127198501235e+01,1.840427009475934295e+00,3.115141498690513799e+01,2.414271245033300151e+00
1.044191292120633079e+03,1.131275089186601690e+00,2.987696457831377472e+01,3.251004024585164132e+01,1.840104894539607683e+00,2.549999998862161554e+00,3.251004024585164132e+01,1.840104894539607683e+00,3.115689105572825923e+01,2.414140002227195048e+00
1.045322567209819681e+03,1.131275089186601690e+00,2.988155689376284130e+01,3.251679228187450121e+01,1.839783017840202151e+00,2.549999998836902204e+00,3.251679228187450121e+01,1.839783017840202151e+00,3.116237601604213125e+01,2.414008783566812699e+00
1.046453842299006283e+03,1.131275089186601690e+00,2.988615298800922915e+01,3.252356673585403257e+01,1.839461378893693322e+00,2.549999998811137480e+00,3.252356673585403257e+01,1.839461378893693322e+00,3.116786983768600194e+01,2.413877589034922888e+00
1.047585117388192884e+03,1.131275089186601690e+00,2.989075285735659904e+01,3.253036300822000726e+01,1.839139977222913114e+00,2.549999998784858057e+00,3.253036300822000726e+01,1.839139977222913114e+00,3.117337249132412680e+01,2.413746418614329592e+00
1.048716392477379486e+03,1.131275089186601690e+00,2.989535649785627669e+01,3.253718053921732434e+01,1.838818812356946220e+00,2.549999998758055497e+00,3.253718053921732434e+01,1.838818812356946220e+00,3.117888394838921329e+01,2.413615272287870539e+00
1.050090728196880946e+03,1.374335719501459607e+00,2.990095432314353374e+01,3.254549070174184777e+01,1.838428961384380722e+00,2.549999998724776784e+00,3.254549070174184777e+01,1.838428961384380722e+00,3.118559137582260732e+01,2.413455980847741600e+00
1.051465063916382405e+03,1.374335719501459607e+00,2.990655769987608181e+01,3.255383059173291826e+01,1.838039458396008907e+00,2.549999998690694714e+00,3.255383059173291826e+01,1.838039458396008907e+00,3.119231170633659644e+01,2.413296724911593749e+00
1.052839399635883865e+03,1.374335719501459607e+00,2.991216661938712207e+01,3.256219939536376273e+01,1.837650302578770045e+00,2.549999998655792854e+00,3.256219939536376273e+01,1.837650302578770045e+00,3.119904489268640191e+01,2.413137504448853221e+00
1.054213735355385325e+03,1.374335719501459607e+00,2.991778107240471485e+01,3.257059635451920343e+01,1.837261493129302092e+00,2.549999998620053443e+00,3.257059635451920343e+01,1.837261493129302092e+00,3.120579088889363106e+01,2.412978319429019081e+00
1.055588071074886784e+03,1.374335719501459607e+00,2.992340104904233655e+01,3.257902076096198130e+01,1.836873029253194733e+00,2.549999998583458272e+00,3.257902076096198130e+01,1.836873029253194733e+00,3.121254965016138172e+01,2.412819169821662779e+00
1.056962406794388244e+03,1.374335719501459607e+00,2.992902653879218278e+01,3.258747195124044538e+01,1.836484910164333462e+00,2.549999998545990021e+00,3.258747195124044538e+01,1.836484910164333462e+00,3.121932113279742893e+01,2.412660055596421049e+00
1.058609417292304670e+03,1.647010497916426175e+00,2.993577539929409426e+01,3.259763430784752103e+01,1.836020239484311034e+00,2.549999998499910880e+00,3.259763430784752103e+01,1.836020239484311034e+00,3.122745280785377631e+01,2.412469418914001906e+00
1.060256427790221096e+03,1.647010497916426175e+00,2.994253214122064577e+01,3.260783323434541359e+01,1.835556061535195571e+00,2.549999998452519012e+00,3.260783323434541359e+01,1.835556061535195571e+00,3.123560262021317158e+01,2.412278832950947471e+00
1.061903438288137522e+03,1.647010497916426175e+00,2.994929674294802879e+01,3.261806779474768092e+01,1.835092375004793386e+00,2.549999998403780666e+00,3.261806779474768092e+01,1.835092375004793386e+00,3.124377050016132529e+01,2.412088297655390345e+00
1.063550448786053948e+03,1.647010497916426175e+00,2.995606918159239029e+01,3.262833711382349833e+01,1.834629178593884413e+00,2.549999998353662090e+00,3.262833711382349833e+01,1.834629178593884413e+00,3.125195637973258656e+01,2.411897812975597688e+00
1.065197459283970375e+03,1.647010497916426175e+00,2.996284943304237203e+01,3.263864037106304750e+01,1.834166471015415523e+00,2.549999998302129534e+00,3.263864037106304750e+01,1.834166471015415523e+00,3.126016019259866852e+01,2.411707378859976103e+00
1.066844469781886801e+03,1.647010497916426175e+00,2.996963747200419093e+01,3.264897679537610742e+01,1.833704250993787532e+00,2.549999998249146582e+00,3.264897679537610742e+01,1.833704250993787532e+00,3.126838187396739954e+01,2.411516995257064533e+00
1.068795800415466374e+03,1.951330633579573259e+00,2.997768978763827619e+01,3.266126502400716447e+01,1.833157255287999332e+00,2.549999998184448557e+00,3.266126502400716447e+01,1.833157255287999332e+00,3.127814572436848906e+01,2.411291499548372297e+00
1.070747131049045947e+03,1.951330633579573259e+00,2.998575295150653730e+01,3.267359765706276420e+01,1.832610940097767038e+00,2.549999998117603806e+00,3.267359765706276420e+01,1.832610940097767038e+00,3.128793446473881446e+01,2.411066074586349472e+00
1.072698461682625521e+03,1.951330633579573259e+00,2.999382691590435712e+01,3.268597363271926781e+01,1.832065303357445440e+00,2.549999998048549266e+00,3.268597363271926781e+01,1.832065303357445440e+00,3.129774799470128599e+01,2.410840720286139494e+00
1.074649792316205094e+03,1.951330633579573259e+00,3.000191163149180795e+01,3.269839195455966063e+01,1.831520343019533925e+00,2.549999997977220989e+00,3.269839195455966063e+01,1.831520343019533925e+00,3.130758621623306936e+01,2.410615436563141145e+00
1.076601122949784667e+03,1.951330633579573259e+00,3.001000704756140536e+01,3.271085168539328691e+01,1.830976057053795181e+00,2.549999997903553250e+00,3.271085168539328691e+01,1.830976057053795181e+00,3.131744903352331733e+01,2.410390223333009008e+00
1.078552453583364240e+03,1.951330633579573259e+00,3.001811311233267077e+01,3.272335194179413520e+01,1.830432443446465163e+00,2.549999997827477660e+00,3.272335194179413520e+01,1.830432443446465163e+00,3.132733635284308704e+01,2.410165080511651237e+00
1.080000000000000000e+03,1.447546416635759670e+00,3.002413324494791524e+01,3.273265063580134893e+01,1.830029610330504486e+00,2.549999997769447191e+00,3.273265063580134893e+01,1.830029610330504486e+00,3.133468679203027918e+01,2.409998109311632941e+00
1.080000029414436767e+03,2.941443676718336064e-05,3.002413336733733118e+01,3.273265082494792466e+01,1.830029602148592893e+00,2.549999997769445859e+00,3.273265082494792466e+01,1.830029602148592893e+00,3.133468694152892198e+01,2.409998105919135991e+00
1.080000058828873534e+03,2.941443676718336064e-05,3.002413348972675067e+01,3.273265101407959321e+01,1.830029593966677748e+00,2.549999997769444526e+00,3.273265101407959321e+01,1.830029593966677748e+00,3.133468709102756122e+01,2.409998102526640817e+00
1.080000352973241206e+03,2.941443676718336064e-04,3.002413471362114450e+01,3.273265290486540380e+01,1.830029512147384851e+00,2.549999997769432536e+00,3.273265290486540380e+01,1.830029512147384851e+00,3.133468858601397145e+01,2.409998068601685972e+00
1.080000647117608878e+03,2.941443676718336064e-04,3.002413593751577281e+01,3.273265479524389576e+01,1.830029430327991813e+00,2.549999997769420546e+00,3.273265479524389576e+01,1.830029430327991813e+00,3.133469008100031417e+01,2.409998034676732015e+00
1.080003588561285596e+03,2.941443676718336064e-03,3.002414817648265455e+01,3.273267368277821987e+01,1.830028612130977672e+00,2.549999997769301530e+00,3.273267368277821987e+01,1.830028612130977672e+00,3.133470503085892744e+01,2.409997695427330111e+00
1.080006530004962315e+03,2.941443676718336064e-03,3.002416041547299841e+01,3.273269255765731600e+01,1.830027793932050617e+00,2.549999997769182070e+00,3.273269255765731600e+01,1.830027793932050617e+00,3.133471998071208375e+01,2.409997356178082306e+00
1.080013327193388932e+03,6.797188426617140067e-03,3.002418869783073774e+01,3.273273614333362502e+01,1.830025903206850657e+00,2.549999997768906290e+00,3.273273614333362502e+01,1.830025903206850657e+00,3.133475452732416855e+01,2.409996572229875067e+00
1.080020124381815549e+03,6.797188426617140067e-03,3.002421698031115938e+01,3.273277969020373490e+01,1.830024012478977058e+00,2.549999997768630511e+00,3.273277969020373490e+01,1.830024012478977058e+00,3.133478907390810875e+01,2.409995788282470741e+00
1.080026921570242166e+03,6.797188426617140067e-03,3.002424526291810736e+01,3.273282320554670832e+01,1.830022121750607411e+00,2.549999997768354731e+00,3.273282320554670832e+01,1.830022121750607411e+00,3.133482362046327196e+01,2.409995004335895086e+00
1.080039347188380589e+03,1.242561813842257834e-02,3.002429696534133186e+01,3.273290268520740653e+01,1.830018665401916600e+00,2.549999997767850246e+00,3.273290268520740653e+01,1.830018665401916600e+00,3.133488677330989702e+01,2.409993571242457833e+00
1.080051772806519011e+03,1.242561813842257834e-02,3.002434866819363890e+01,3.273298209154646798e+01,1.830015209060466663e+00,2.549999997767345761e+00,3.273298209154646798e+01,1.830015209060466663e+00,3.133494992606088658e+01,2.409992138151829444e+00
1.080064198424657434e+03,1.242561813842257834e-02,3.002440037147470164e+01,3.273306143430649939e+01,1.830011752728820884e+00,2.549999997766841275e+00,3.273306143430649939e+01,1.830011752728820884e+00,3.133501307871733843e+01,2.409990705064009919e+00
1.080076624042795856e+03,1.242561813842257834e-02,3.002445207518373493e+01,3.273314071980741602e+01,1.830008296408608626e+00,2.549999997766336790e+00,3.273314071980741602e+01,1.830008296408608626e+00,3.133507623128031128e+01,2.409989271978991709e+00
1.080097161429376683e+03,2.053738658082693291e-02,3.002453753336412845e+01,3.273327165192193888e+01,1.830002583740552691e+00,2.549999997765502346e+00,3.273327165192193888e+01,1.830002583740552691e+00,3.133518061128492960e+01,2.409986903344745190e+00
1.080117698815957510e+03,2.053738658082693291e-02,3.002462299271327240e+01,3.273340245843312601e+01,1.829996871111885914e+00,2.549999997764667903e+00,3.273340245843312601e+01,1.829996871111885914e+00,3.133528499103961806e+01,2.409984534718152993e+00
1.080138236202538337e+03,2.053738658082693291e-02,3.002470845323137638e+01,3.273353315166220767e+01,1.829991158525891226e+00,2.549999997763833015e+00,3.273353315166220767e+01,1.829991158525891226e+00,3.133538937054717977e+01,2.409982166099216894e+00
1.080158773589119164e+03,2.053738658082693291e-02,3.002479391491851857e+01,3.273366374053956918e+01,1.829985445984943837e+00,2.549999997762998127e+00,3.273366374053956918e+01,1.829985445984943837e+00,3.133549374981021174e+01,2.409979797487938669e+00
1.080193371514329101e+03,3.459792520993687504e-02,3.002493788899892024e+01,3.273388351746088887e+01,1.829975822566232369e+00,2.549999997761589920e+00,3.273388351746088887e+01,1.829975822566232369e+00,3.133566958984221529e+01,2.409975807268446069e+00
1.080227969439539038e+03,3.459792520993687504e-02,3.002508186639648713e+01,3.273410304627053335e+01,1.829966199288086015e+00,2.549999997760181714e+00,3.273410304627053335e+01,1.829966199288086015e+00,3.133584542919762228e+01,2.409971817070684086e+00
1.080262567364748975e+03,3.459792520993687504e-02,3.002522584711086751e+01,3.273432234832110055e+01,1.829956576156154480e+00,2.549999997758772619e+00,3.273432234832110055e+01,1.829956576156154480e+00,3.133602126788615294e+01,2.409967826894651832e+00
1.080297165289958912e+03,3.459792520993687504e-02,3.002536983114175229e+01,3.273454143996079324e+01,1.829946953174763413e+00,2.549999997757362635e+00,3.273454143996079324e+01,1.829946953174763413e+00,3.133619710591662866e+01,2.409963836740349308e+00
1.080347294618221895e+03,5.012932826298310829e-02,3.002557845712886575e+01,3.273485853723904171e+01,1.829933010601328292e+00,2.549999997755318493e+00,3.273485853723904171e+01,1.829933010601328292e+00,3.133645187849265668e+01,2.409958055398840671e+00
1.080397423946484878e+03,5.012932826298310829e-02,3.002578709007696034e+01,3.273517525448338006e+01,1.829919068360241763e+00,2.549999997753272574e+00,3.273517525448338006e+01,1.829919068360241763e+00,3.133670664972769160e+01,2.409952274102947545e+00
1.080447553274747861e+03,5.012932826298310829e-02,3.002599572998514077e+01,3.273549161902040794e+01,1.829905126458721831e+00,2.549999997751224878e+00,3.273549161902040794e+01,1.829905126458721831e+00,3.133696141964335524e+01,2.409946492852669486e+00
1.080497682603010844e+03,5.012932826298310829e-02,3.002620437685250820e+01,3.273580765299119122e+01,1.829891184902611379e+00,2.549999997749175407e+00,3.273580765299119122e+01,1.829891184902611379e+00,3.133721618825964583e+01,2.409940711648004275e+00
1.080570638089119257e+03,7.295548610841251502e-02,3.002650804253826422e+01,3.273626703934380799e+01,1.829870895750646431e+00,2.549999997746189795e+00,3.273626703934380799e+01,1.829870895750646431e+00,3.133758696230455598e+01,2.409932298080020630e+00
1.080643593575227669e+03,7.295548610841251502e-02,3.002681172295910628e+01,3.273672581298481532e+01,1.829850607353304737e+00,2.549999997743200630e+00,3.273672581298481532e+01,1.829850607353304737e+00,3.133795773369149629e+01,2.409923884608640599e+00
1.080716549061336082e+03,7.295548610841251502e-02,3.002711541811225260e+01,3.273718401364043729e+01,1.829830319721031051e+00,2.549999997740208357e+00,3.273718401364043729e+01,1.829830319721031051e+00,3.133832850247099344e+01,2.409915471233863293e+00
1.080789504547444494e+03,7.295548610841251502e-02,3.002741912799493562e+01,3.273764167523574287e+01,1.829810032862731806e+00,2.549999997737211643e+00,3.273764167523574287e+01,1.829810032862731806e+00,3.133869926869056854e+01,2.409907057955683385e+00
1.080862460033552907e+03,7.295548610841251502e-02,3.002772285260438068e+01,3.273809882686549599e+01,1.829789746786032678e+00,2.549999997734211821e+00,3.273809882686549599e+01,1.829789746786032678e+00,3.133907003239511369e+01,2.409898644774097320e+00
1.080977277868222700e+03,1.148178346697932284e-01,3.002820088625726669e+01,3.273881732223458840e+01,1.829757822020771307e+00,2.549999997729483603e+00,3.273881732223458840e+01,1.829757822020771307e+00,3.133965353781507446e+01,2.409885404247964935e+00
1.081092095702892493e+03,1.148178346697932284e-01,3.002867895636870799e+01,3.273953469910215119e+01,1.829725899229204034e+00,2.549999997724746503e+00,3.273953469910215119e+01,1.829725899229204034e+00,3.134023703726646204e+01,2.409872163961058966e+00
1.081206913537562286e+03,1.148178346697932284e-01,3.002915706292788656e+01,3.274025102687849653e+01,1.829693978429385082e+00,2.549999997720000522e+00,3.274025102687849653e+01,1.829693978429385082e+00,3.134082053089488440e+01,2.409858923913366091e+00
1.081321731372232080e+03,1.148178346697932284e-01,3.002963520592399504e+01,3.274096636531658788e+01,1.829662059636807392e+00,2.549999997715245215e+00,3.274096636531658788e+01,1.829662059636807392e+00,3.134140401883738747e+01,2.409845684104871211e+00
1.081436549206901873e+03,1.148178346697932284e-01,3.003011338534621544e+01,3.274168076630170532e+01,1.829630142864877129e+00,2.549999997710481470e+00,3.274168076630170532e+01,1.829630142864877129e+00,3.134198750122371990e+01,2.409832444535559670e+00
1.081593299865907738e+03,1.567506590058656002e-01,3.003076626031105079e+01,3.274265464283313776e+01,1.829586572995562044e+00,2.549999997703963128e+00,3.274265464283313776e+01,1.829586572995562044e+00,3.134278406949542983e+01,2.409814370105876513e+00
1.081750050524913604e+03,1.567506590058656002e-01,3.003141920311933788e+01,3.274362695574136950e+01,1.829543006939467809e+00,2.549999997697427911e+00,3.274362695574136950e+01,1.829543006939467809e+00,3.134358062793667088e+01,2.409796296121917258e+00
1.081906801183919470e+03,1.567506590058656002e-01,3.003207221374358227e+01,3.274459779083141342e+01,1.829499444718449164e+00,2.549999997690876263e+00,3.274459779083141342e+01,1.829499444718449164e+00,3.134437717682654068e+01,2.409778222583643714e+00
1.082063551842925335e+03,1.567506590058656002e-01,3.003272529215628950e+01,3.274556722343654513e+01,1.829455886351583294e+00,2.549999997684307740e+00,3.274556722343654513e+01,1.829455886351583294e+00,3.134517371642956363e+01,2.409760149491018133e+00
1.082220302501931201e+03,1.567506590058656002e-01,3.003337843832997578e+01,3.274653532019339508e+01,1.829412331855640339e+00,2.549999997677722785e+00,3.274653532019339508e+01,1.829412331855640339e+00,3.134597024699738554e+01,2.409742076844001435e+00
1.082432053345718487e+03,2.117508437872857030e-01,3.003426086595322531e+01,3.274784108298587881e+01,1.829353501265946980e+00,2.549999997668799701e+00,3.274784108298587881e+01,1.829353501265946980e+00,3.134704624781662829e+01,2.409717663630186024e+00
1.082643804189505772e+03,2.117508437872857030e-01,3.003514341711350610e+01,3.274914464427079253e+01,1.829294677798959601e+00,2.549999997659846418e+00,3.274914464427079253e+01,1.829294677798959601e+00,3.134812223314692758e+01,2.409693251229381161e+00
1.082855555033293058e+03,2.117508437872857030e-01,3.003602609174315319e+01,3.275044611667880901e+01,1.829235861482323644e+00,2.549999997650862049e+00,3.275044611667880901e+01,1.829235861482323644e+00,3.134919820352032360e+01,2.409668839641489146e+00
1.083067305877080344e+03,2.117508437872857030e-01,3.003690888977455486e+01,3.275174560028961679e+01,1.829177052340354770e+00,2.549999997641846594e+00,3.275174560028961679e+01,1.829177052340354770e+00,3.135027415944276186e+01,2.409644428866414501e+00
1.083279056720867629e+03,2.117508437872857030e-01,3.003779181114014207e+01,3.275304318463959419e+01,1.829118250394572431e+00,2.549999997632799609e+00,3.275304318463959419e+01,1.829118250394572431e+00,3.135135010139687850e+01,2.409620018904058192e+00
1.083554561187252375e+03,2.755044663847456832e-01,3.003894074564307459e+01,3.275472873252844863e+01,1.829041755251804124e+00,2.549999997620982839e+00,3.275472873252844863e+01,1.829041755251804124e+00,3.135274996616967513e+01,2.409588260843723795e+00
1.083830065653637121e+03,2.755044663847456832e-01,3.004008988866396379e+01,3.275641135926152003e+01,1.828965272360056016e+00,2.549999997609112778e+00,3.275641135926152003e+01,1.828965272360056016e+00,3.135414980904506166e+01,2.409556504158783419e+00
1.084105570120021866e+03,2.755044663847456832e-01,3.004123924005448032e+01,3.275809120530117013e+01,1.828888801751674231e+00,2.549999997597189427e+00,3.275809120530117013e+01,1.828888801751674231e+00,3.135554963094323355e+01,2.409524748849021680e+00
1.084381074586406612e+03,2.755044663847456832e-01,3.004238879966651155e+01,3.275976839679197639e+01,1.828812343455209044e+00,2.549999997585212341e+00,3.275976839679197639e+01,1.828812343455209044e+00,3.135694943274174662e+01,2.409492994914220088e+00
1.084656579052791358e+03,2.755044663847456832e-01,3.004353856735218642e+01,3.276144304768912718e+01,1.828735897495977314e+00,2.549999997573181965e+00,3.276144304768912718e+01,1.828735897495977314e+00,3.135834921527962038e+01,2.409461242354161925e+00
1.085005400063776506e+03,3.488210109851479501e-01,3.004499460654528065e+01,3.276355986849439006e+01,1.828639125667212983e+00,2.549999997557872433e+00,3.276355986849439006e+01,1.828639125667212983e+00,3.136012147799133487e+01,2.409421041855805523e+00
1.085354221074761654e+03,3.488210109851479501e-01,3.004645097875596704e+01,3.276567297108135790e+01,1.828542373691888212e+00,2.549999997542475860e+00,3.276567297108135790e+01,1.828542373691888212e+00,3.136189371267236936e+01,2.409380843560443797e+00
1.085703042085746802e+03,3.488210109851479501e-01,3.004790768368606280e+01,3.276778252541188863e+01,1.828445641605124239e+00,2.549999997526992246e+00,3.276778252541188863e+01,1.828445641605124239e+00,3.136366592080771198e+01,2.409340647467634433e+00
1.086051863096731950e+03,3.488210109851479501e-01,3.004936472103824485e+01,3.276988868547962852e+01,1.828348929437809467e+00,2.549999997511421146e+00,3.276988868547962852e+01,1.828348929437809467e+00,3.136543810381662922e+01,2.409300453576932899e+00
1.086400684107717098e+03,3.488210109851479501e-01,3.005082209051609610e+01,3.277199159151506791e+01,1.828252237217182774e+00,2.549999997495761228e+00,3.277199159151506791e+01,1.828252237217182774e+00,3.136721026305860249e+01,2.409260261887893328e+00
1.086832462833233876e+03,4.317787255167786498e-01,3.005262651576347110e+01,3.277459030135236873e+01,1.828132577009479398e+00,2.549999997476255054e+00,3.277459030135236873e+01,1.828132577009479398e+00,3.136940385183719471e+01,2.409210514733095110e+00
1.087264241558750655e+03,4.317787255167786498e-01,3.005443144888518603e+01,3.277718444241959617e+01,1.828012947440719627e+00,2.549999997456611656e+00,3.277718444241959617e+01,1.828012947440719627e+00,3.137159740856372281e+01,2.409160770950169450e+00
1.087696020284267433e+03,4.317787255167786498e-01,3.005623688932579540e+01,3.277977421515066681e+01,1.827893348545201135e+00,2.549999997436831478e+00,3.277977421515066681e+01,1.827893348545201135e+00,3.137379093549925457e+01,2.409111030538269027e+00
1.088127799009784212e+03,4.317787255167786498e-01,3.005804283653269238e+01,3.278235980248804537e+01,1.827773780352589306e+00,2.549999997416912745e+00,3.278235980248804537e+01,1.827773780352589306e+00,3.137598443480844068e+01,2.409061293496545186e+00
1.088559577735300991e+03,4.317787255167786498e-01,3.005984928995629701e+01,3.278494137213287729e+01,1.827654242888514080e+00,2.549999997396854567e+00,3.278494137213287729e+01,1.827654242888514080e+00,3.137817790856754385e+01,2.409011559824150162e+00
1.089096701247920464e+03,5.371235126194733311e-01,3.006209718515096796e+01,3.278814741357477658e+01,1.827505583758026964e+00,2.549999997371707572e+00,3.278814741357477658e+01,1.827505583758026964e+00,3.138090651041764545e+01,2.408949696899292281e+00
1.089633824760539937e+03,5.371235126194733311e-01,3.006434586181761404e+01,3.279134774737341473e+01,1.827356972249190692e+00,2.549999997346342084e+00,3.279134774737341473e+01,1.827356972249190692e+00,3.138363507948958642e+01,2.408887839185462010e+00
1.090170948273159411e+03,5.371235126194733311e-01,3.006659531892048776e+01,3.279454262144315635e+01,1.827208408391525651e+00,2.549999997320756773e+00,3.279454262144315635e+01,1.827208408391525651e+00,3.138636361929946261e+01,2.408825986681018883e+00
1.090708071785778884e+03,5.371235126194733311e-01,3.006884555543305382e+01,3.279773226278111764e+01,1.827059892209024428e+00,2.549999997294949861e+00,3.279773226278111764e+01,1.827059892209024428e+00,3.138909213321384684e+01,2.408764139384327319e+00
1.091245195298398357e+03,5.371235126194733311e-01,3.007109657033851846e+01,3.280091688006742601e+01,1.826911423720843697e+00,2.549999997268919572e+00,3.280091688006742601e+01,1.826911423720843697e+00,3.139182062446192489e+01,2.408702297293746852e+00
1.091782318811017831e+03,5.371235126194733311e-01,3.007334836263035172e+01,3.280409666596657559e+01,1.826763002941914849e+00,2.549999997242664129e+00,3.280409666596657559e+01,1.826763002941914849e+00,3.139454909614637046e+01,2.408640460407637018e+00
1.092568300868752885e+03,7.859820577350546955e-01,3.007664484797132332e+01,3.280874136199455648e+01,1.826545902277142641e+00,2.549999997203835189e+00,3.280874136199455648e+01,1.826545902277142641e+00,3.139854168653270250e+01,2.408549982807176360e+00
1.093354282926487940e+03,7.859820577350546955e-01,3.007994299272176519e+01,3.281337660486141061e+01,1.826328903818153382e+00,2.549999997164515531e+00,3.281337660486141061e+01,1.826328903818153382e+00,3.140253425034329737e+01,2.408459516342381423e+00
1.094140264984222995e+03,7.859820577350546955e-01,3.008324279386104649e+01,3.281800285835330300e+01,1.826112007574905549e+00,2.549999997124698936e+00,3.281800285835330300e+01,1.826112007574905549e+00,3.140652679607433484e+01,2.408369061008111434e+00
1.094926247041958050e+03,7.859820577350546955e-01,3.008654424842711705e+01,3.282262054410773544e+01,1.825895213546297802e+00,2.549999997084380521e+00,3.282262054410773544e+01,1.825895213546297802e+00,3.141051933181410050e+01,2.408278616799224281e+00
1.095712229099693104e+03,7.859820577350546955e-01,3.008984735351974749e+01,3.282723004727998983e+01,1.825678521721673997e+00,2.549999997043554956e+00,3.282723004727998983e+01,1.825678521721673997e+00,3.141451186527871187e+01,2.408188183710578301e+00
1.096498211157428159e+03,7.859820577350546955e-01,3.009315210630365911e+01,3.283183172143650097e+01,1.825461932082124150e+00,2.549999997002216023e+00,3.283183172143650097e+01,1.825461932082124150e+00,3.141850440384405729e+01,2.408097761737033604e+00
1.097464757764651267e+03,9.665466072231083672e-01,3.009721831857393326e+01,3.283748028880731340e+01,1.825195725114129974e+00,2.549999996950668368e+00,3.283748028880731340e+01,1.825195725114129974e+00,3.142341417021472338e+01,2.407986582252010344e+00
1.098431304371874376e+03,9.665466072231083672e-01,3.010128701336829948e+01,3.284311806427673730e+01,1.824929672572914940e+00,2.549999996898325794e+00,3.284311806427673730e+01,1.824929672572914940e+00,3.142832396750306501e+01,2.407875419558345165e+00
1.099397850979097484e+03,9.665466072231083672e-01,3.010535818585894674e+01,3.284874555562667808e+01,1.824663774384416515e+00,2.549999996845177197e+00,3.284874555562667808e+01,1.824663774384416515e+00,3.143323380764919506e+01,2.407764273646488373e+00
1.100364397586320592e+03,9.665466072231083672e-01,3.010943183139614376e+01,3.285436322825648858e+01,1.824398030463643128e+00,2.549999996791211476e+00,3.285436322825648858e+01,1.824398030463643128e+00,3.143814370204171382e+01,2.407653144506893383e+00
1.101330944193543701e+03,9.665466072231083672e-01,3.011350794551557897e+01,3.285997151047139653e+01,1.824132440716081938e+00,2.549999996736417973e+00,3.285997151047139653e+01,1.824132440716081938e+00,3.144305366156262949e+01,2.407542032130021159e+00
1.102297490800766809e+03,9.665466072231083672e-01,3.011758652394536639e+01,3.286557079798611625e+01,1.823867005038899203e+00,2.549999996680785141e+00,3.286557079798611625e+01,1.823867005038899203e+00,3.144796369662743274e+01,2.407430936506337105e+00
1.103484464170339606e+03,1.186973369572797310e+00,3.012259861211360956e+01,3.287243526877102795e+01,1.823541245779552344e+00,2.549999996611300279e+00,3.287243526877102795e+01,1.823541245779552344e+00,3.145399361270942507e+01,2.407294527763854664e+00
1.104671437539912404e+03,1.186973369572797310e+00,3.012761440351397368e+01,3.287928735262830315e+01,1.823215718493149895e+00,2.549999996540512015e+00,3.287928735262830315e+01,1.823215718493149895e+00,3.146002367542248024e+01,2.407158144255219678e+00
1.105858410909485201e+03,1.186973369572797310e+00,3.013263389151151728e+01,3.288612762486645380e+01,1.822890422949502209e+00,2.549999996468398145e+00,3.288612762486645380e+01,1.822890422949502209e+00,3.146605390160223692e+01,2.407021785962817795e+00
1.107045384279057998e+03,1.186973369572797310e+00,3.013765706996945326e+01,3.289295661542197990e+01,1.822565358907161093e+00,2.549999996394937796e+00,3.289295661542197990e+01,1.822565358907161093e+00,3.147208430731528139e+01,2.406885452869052866e+00
1.108232357648630796e+03,1.186973369572797310e+00,3.014268393326285533e+01,3.289977481412466886e+01,1.822240526114826897e+00,2.549999996320107876e+00,3.289977481412466886e+01,1.822240526114826897e+00,3.147811490791850986e+01,2.406749144956349618e+00
1.109419331018203593e+03,1.186973369572797310e+00,3.014771447629108536e+01,3.290658267521843072e+01,1.821915924312555779e+00,2.549999996243886624e+00,3.290658267521843072e+01,1.821915924312555779e+00,3.148414571811233031e+01,2.406612862207149206e+00
1.110868203623020008e+03,1.448872604816415333e+00,3.015385996192859608e+01,3.291487925551130189e+01,1.821520013556404027e+00,2.549999996148928805e+00,3.291487925551130189e+01,1.821520013556404027e+00,3.149150749837637164e+01,2.406446543487410494e+00
1.112317076227836424e+03,1.448872604816415333e+00,3.016001091630318598e+01,3.292316177197221094e+01,1.821124446070003122e+00,2.549999996051821594e+00,3.292316177197221094e+01,1.821124446070003122e+00,3.149886963637454329e+01,2.406280262202632692e+00
1.113765948832652839e+03,1.448872604816415333e+00,3.016616733344755019e+01,3.293143087999159491e+01,1.820729221340199100e+00,2.549999995952522802e+00,3.293143087999159491e+01,1.820729221340199100e+00,3.150623215543747691e+01,2.406114018321010128e+00
1.115214821437469254e+03,1.448872604816415333e+00,3.017232920864481827e+01,3.293968718528715556e+01,1.820334338842489963e+00,2.549999995850988910e+00,3.293968718528715556e+01,1.820334338842489963e+00,3.151359507782479241e+01,2.405947811810785097e+00
1.116663694042285670e+03,1.448872604816415333e+00,3.017849653844172764e+01,3.294793124936342821e+01,1.819939798042486068e+00,2.549999995747175507e+00,3.294793124936342821e+01,1.819939798042486068e+00,3.152095842480457577e+01,2.405781642640246076e+00
1.118112566647102085e+03,1.448872604816415333e+00,3.018466932065709685e+01,3.295616359425517317e+01,1.819545598397180441e+00,2.549999995641038186e+00,3.295616359425517317e+01,1.819545598397180441e+00,3.152832221672506563e+01,2.405615510777734389e+00
1.119859087024850169e+03,1.746520377748083774e+00,3.019211744899483918e+01,3.296607225402451746e+01,1.819070869419003866e+00,2.549999995509942163e+00,3.296607225402451746e+01,1.819070869419003866e+00,3.153719940133563071e+01,2.405415299320112776e+00
1.121605607402598253e+03,1.746520377748083774e+00,3.019957349970973581e+01,3.297596538142662581e+01,1.818596634385633681e+00,2.549999995375321848e+00,3.297596538142662581e+01,1.818596634385633681e+00,3.154607729336535016e+01,2.405215141972518289e+00
1.123352127780346336e+03,1.746520377748083774e+00,3.020703747634093972e+01,3.298584370775234476e+01,1.818122892308228877e+00,2.549999995237093753e+00,3.298584370775234476e+01,1.818122892308228877e+00,3.155495592386689196e+01,2.405015038679795936e+00
1.125098648158094420e+03,1.746520377748083774e+00,3.021450938505580197e+01,3.299570791077805865e+01,1.817649642187738168e+00,2.549999995095173055e+00,3.299570791077805865e+01,1.817649642187738168e+00,3.156383532245037316e+01,2.404814989386898194e+00
1.126845168535842504e+03,1.746520377748083774e+00,3.022198923459277609e+01,3.300555862039364996e+01,1.817176883016407896e+00,2.549999994949474047e+00,3.300555862039364996e+01,1.817176883016407896e+00,3.157271551738697468e+01,2.404614994038893006e+00
1.128591688913590588e+03,1.746520377748083774e+00,3.022947703618635273e+01,3.301539642352437909e+01,1.816704613779096755e+00,2.549999994799908354e+00,3.301539642352437909e+01,1.816704613779096755e+00,3.158159653570263359e+01,2.404415052580959777e+00
1.130671186199567728e+03,2.079497285977140564e+00,3.023840278890149591e+01,3.302709374548749111e+01,1.816142943186094261e+00,2.549999994616660270e+00,3.302709374548749111e+01,1.816142943186094261e+00,3.159217184400118583e+01,2.404177062168673995e+00
1.132750683485544869e+03,2.079497285977140564e+00,3.024733986153426457e+01,3.303877440692170353e+01,1.815581963966738988e+00,2.549999994427648353e+00,3.303877440692170353e+01,1.815581963966738988e+00,3.160274839783868472e+01,2.403939147984037294e+00
1.134830180771522009e+03,2.079497285977140564e+00,3.025628828560826733e+01,3.305043920592144957e+01,1.815021674378779926e+00,2.549999994232714506e+00,3.305043920592144957e+01,1.815021674378779926e+00,3.161332623685681753e+01,2.403701309935152075e+00
1.136909678057499150e+03,2.079497285977140564e+00,3.026524809658064541e+01,3.306208888410464652e+01,1.814462072673088455e+00,2.549999994031696637e+00,3.306208888410464652e+01,1.814462072673088455e+00,3.162390539882051854e+01,2.403463547930352995e+00
1.138989175343476290e+03,2.079497285977140564e+00,3.027421933344682969e+01,3.307372413231490782e+01,1.813903157095170915e+00,2.549999993824428657e+00,3.307372413231490782e+01,1.813903157095170915e+00,3.163448591974843183e+01,2.403225861878209191e+00
1.140000000000000000e+03,1.010824656523709564e+00,3.027858430921946820e+01,3.307937490314962048e+01,1.813631720627152166e+00,2.549999993721369762e+00,3.307937490314962048e+01,1.813631720627152166e+00,3.163962951562571391e+01,2.403110352262858296e+00
1.140000029360270446e+03,2.936027044597722124e-05,3.027858443604334227e+01,3.307937506724200460e+01,1.813631712745397584e+00,2.549999993721366653e+00,3.307937506724200460e+01,1.813631712745397584e+00,3.163962966503069296e+01,2.403110348908042759e+00
1.140000058720540892e+03,2.936027044597722124e-05,3.027858456286721989e+01,3.307937523133896462e+01,1.813631704863647220e+00,2.549999993721363545e+00,3.307937523133896462e+01,1.813631704863647220e+00,3.163962981443567557e+01,2.403110345553226779e+00
1.140000352323245352e+03,2.936027044597722124e-04,3.027858583110617374e+01,3.307937687247132885e+01,1.813631626046333434e+00,2.549999993721332903e+00,3.307937687247132885e+01,1.813631626046333434e+00,3.163963130848569349e+01,2.403110312005070082e+00
1.140000645925949811e+03,2.936027044597722124e-04,3.027858709934535852e+01,3.307937851372859228e+01,1.813631547229164420e+00,2.549999993721303149e+00,3.307937851372859228e+01,1.813631547229164420e+00,3.163963280253592458e+01,2.403110278456915605e+00
1.140003581952994409e+03,2.936027044597722124e-03,3.027859978175685285e+01,3.307939493128448305e+01,1.813630759063656894e+00,2.549999993721001612e+00,3.307939493128448305e+01,1.813630759063656894e+00,3.163964774305667049e+01,2.403109942975501401e+00
1.140006517980039007e+03,2.936027044597722124e-03,3.027861246419074703e+01,3.307941135272121613e+01,1.813629970903365418e+00,2.549999993720700076e+00,3.307941135272121613e+01,1.813629970903365418e+00,3.163966268359840583e+01,2.403109607494237743e+00
1.140016609416571100e+03,1.009143653209321201e-02,3.027865605522177006e+01,3.307946781310197082e+01,1.813627261940499169e+00,2.549999993719663127e+00,3.307946781310197082e+01,1.813627261940499169e+00,3.163971403597554399e+01,2.403108454410606942e+00
1.140026700853103193e+03,1.009143653209321201e-02,3.027869964651550561e+01,3.307952429784669590e+01,1.813624553017718632e+00,2.549999993718626179e+00,3.307952429784669590e+01,1.813624553017718632e+00,3.163976538859853704e+01,2.403107301328743173e+00
1.140036792289635287e+03,1.009143653209321201e-02,3.027874323807757762e+01,3.307958080114391208e+01,1.813621844129603256e+00,2.549999993717589231e+00,3.307958080114391208e+01,1.813621844129603256e+00,3.163981674147240497e+01,2.403106148248684182e+00
1.140055595780947669e+03,1.880349131238290283e-02,3.027882446346248813e+01,3.307968612523206531e+01,1.813616796710926238e+00,2.549999993715656554e+00,3.307968612523206531e+01,1.813616796710926238e+00,3.163991242855260211e+01,2.403103999706009297e+00
1.140074399272260052e+03,1.880349131238290283e-02,3.027890568978856933e+01,3.307979149203922731e+01,1.813611749391728756e+00,2.549999993713723434e+00,3.307979149203922731e+01,1.813611749391728756e+00,3.164000811651094835e+01,2.403101851169664904e+00
1.140093202763572435e+03,1.880349131238290283e-02,3.027898691705535228e+01,3.307989689589939530e+01,1.813606702166382645e+00,2.549999993711789870e+00,3.307989689589939530e+01,1.813606702166382645e+00,3.164010380534603328e+01,2.403099702639646562e+00
1.140112006254884818e+03,1.880349131238290283e-02,3.027906814526167167e+01,3.308000233309252280e+01,1.813601655031136684e+00,2.549999993709855861e+00,3.308000233309252280e+01,1.813601655031136684e+00,3.164019949505597040e+01,2.403097554115947165e+00
1.140145713667808877e+03,3.370741292405909917e-02,3.027921375848131547e+01,3.308019141571075750e+01,1.813592607679391122e+00,2.549999993706386636e+00,3.308019141571075750e+01,1.813592607679391122e+00,3.164037103201395951e+01,2.403093702656826647e+00
1.140179421080732936e+03,3.370741292405909917e-02,3.027935937471985284e+01,3.308038058246474833e+01,1.813583560594420829e+00,2.549999993702916523e+00,3.308038058246474833e+01,1.813583560594420829e+00,3.164054257177696172e+01,2.403089851218006334e+00
1.140213128493656995e+03,3.370741292405909917e-02,3.027950499397794815e+01,3.308056982428888659e+01,1.813574513767287399e+00,2.549999993699444634e+00,3.308056982428888659e+01,1.813574513767287399e+00,3.164071411434228054e+01,2.403085999799488892e+00
1.140246835906581055e+03,3.370741292405909917e-02,3.027965061625607390e+01,3.308075913485664898e+01,1.813565467191747826e+00,2.549999993695970524e+00,3.308075913485664898e+01,1.813565467191747826e+00,3.164088565970732247e+01,2.403082148401276097e+00
1.140305448180657777e+03,5.861227407672231493e-02,3.027990383934724505e+01,3.308108846805674119e+01,1.813549737101812553e+00,2.549999993689926026e+00,3.308108846805674119e+01,1.813549737101812553e+00,3.164118395873256162e+01,2.403075451429945275e+00
1.140364060454734499e+03,5.861227407672231493e-02,3.028015707157130265e+01,3.308141797279668594e+01,1.813534007736631537e+00,2.549999993683876198e+00,3.308141797279668594e+01,1.813534007736631537e+00,3.164148226620275395e+01,2.403068754520004013e+00
1.140422672728811222e+03,5.861227407672231493e-02,3.028041031292914553e+01,3.308174763308477395e+01,1.813518279080345463e+00,2.549999993677821486e+00,3.308174763308477395e+01,1.813518279080345463e+00,3.164178058210649525e+01,2.403062057671446095e+00
1.140481285002887944e+03,5.861227407672231493e-02,3.028066356342175069e+01,3.308207743693957781e+01,1.813502551121061623e+00,2.549999993671761001e+00,3.308207743693957781e+01,1.813502551121061623e+00,3.164207890643350751e+01,2.403055360884269742e+00
1.140568857133653637e+03,8.757213076569314580e-02,3.028104195998304249e+01,3.308257044162441218e+01,1.813479053381328310e+00,2.549999993662697140e+00,3.308257044162441218e+01,1.813479053381328310e+00,3.164252464610288484e+01,2.403045355382374737e+00
1.140656429264419330e+03,8.757213076569314580e-02,3.028142037694165367e+01,3.308306371863523054e+01,1.813455557149646902e+00,2.549999993653621289e+00,3.308306371863523054e+01,1.813455557149646902e+00,3.164297040452530752e+01,2.403035350017487470e+00
1.140744001395185023e+03,8.757213076569314580e-02,3.028179881430099485e+01,3.308355724673087650e+01,1.813432062404854550e+00,2.549999993644533891e+00,3.308355724673087650e+01,1.813432062404854550e+00,3.164341618167386017e+01,2.403025344789601281e+00
1.140831573525950716e+03,8.757213076569314580e-02,3.028217727206447307e+01,3.308405100896322892e+01,1.813408569130029679e+00,2.549999993635434947e+00,3.308405100896322892e+01,1.813408569130029679e+00,3.164386197752367735e+01,2.403015339698706843e+00
1.140959205551580681e+03,1.276320256299641187e-01,3.028272889198093054e+01,3.308477103291940580e+01,1.813374331453467381e+00,2.549999993622152683e+00,3.308477103291940580e+01,1.813374331453467381e+00,3.164451173624781433e+01,2.403000758021589967e+00
1.141086837577210645e+03,1.276320256299641187e-01,3.028328055525689422e+01,3.308549148794007522e+01,1.813340096832941617e+00,2.549999993608845550e+00,3.308549148794007522e+01,1.813340096832941617e+00,3.164516153458022529e+01,2.402986176635423465e+00
1.141214469602840609e+03,1.276320256299641187e-01,3.028383226190298316e+01,3.308621234421467960e+01,1.813305865238450831e+00,2.549999993595513992e+00,3.308621234421467960e+01,1.813305865238450831e+00,3.164581137245886211e+01,2.402971595540184246e+00
1.141342101628470573e+03,1.276320256299641187e-01,3.028438401192985197e+01,3.308693357642265198e+01,1.813271636644429474e+00,2.549999993582157121e+00,3.308693357642265198e+01,1.813271636644429474e+00,3.164646124982563080e+01,2.402957014735845220e+00
1.141469733654100537e+03,1.276320256299641187e-01,3.028493580534818719e+01,3.308765516299714449e+01,1.813237411029021029e+00,2.549999993568775380e+00,3.308765516299714449e+01,1.813237411029021029e+00,3.164711116662586221e+01,2.402942434222381962e+00
1.141675253217968930e+03,2.055195638683926518e-01,3.028582442232673699e+01,3.308881779681329505e+01,1.813182305419172247e+00,2.549999993547175325e+00,3.308881779681329505e+01,1.813182305419172247e+00,3.164815777837780786e+01,2.402918956551011842e+00
1.141880772781837322e+03,2.055195638683926518e-01,3.028671315188801216e+01,3.308998123699288385e+01,1.813127207417758457e+00,2.549999993525509989e+00,3.308998123699288385e+01,1.813127207417758457e+00,3.164920449204206676e+01,2.402895479633694986e+00
1.142086292345705715e+03,2.055195638683926518e-01,3.028760199407709663e+01,3.309114542967147798e+01,1.813072116969279390e+00,2.549999993503779816e+00,3.309114542967147798e+01,1.813072116969279390e+00,3.165025130743126880e+01,2.402872003470331030e+00
1.142291811909574108e+03,2.055195638683926518e-01,3.028849094893927330e+01,3.309231032876964207e+01,1.813017034025931062e+00,2.549999993481984362e+00,3.309231032876964207e+01,1.813017034025931062e+00,3.165129822436984597e+01,2.402848528060820943e+00
1.142497331473442500e+03,2.055195638683926518e-01,3.028938001652000622e+01,3.309347589453560090e+01,1.812961958546164931e+00,2.549999993460123182e+00,3.309347589453560090e+01,1.812961958546164931e+00,3.165234524269230931e+01,2.402825053405068356e+00
1.142780525984495171e+03,2.831945110526703502e-01,3.029060528687821119e+01,3.309508300837681105e+01,1.812886079764240099e+00,2.549999993429892697e+00,3.309508300837681105e+01,1.812886079764240099e+00,3.165378814143248576e+01,2.402792707871762801e+00
1.143063720495547841e+03,2.831945110526703502e-01,3.029183077146524283e+01,3.309669124556913289e+01,1.812810215002647274e+00,2.549999993399536979e+00,3.309669124556913289e+01,1.812810215002647274e+00,3.165523123199167799e+01,2.402760363769196328e+00
1.143346915006600511e+03,2.831945110526703502e-01,3.029305647040170157e+01,3.309830053995784738e+01,1.812734364190113023e+00,2.549999993369056028e+00,3.309830053995784738e+01,1.812734364190113023e+00,3.165667451400845067e+01,2.402728021097115363e+00
1.143630109517653182e+03,2.831945110526703502e-01,3.029428238380878113e+01,3.309991083380477761e+01,1.812658527263692143e+00,2.549999993338448956e+00,3.309991083380477761e+01,1.812658527263692143e+00,3.165811798714158698e+01,2.402695679855267219e+00
1.143913304028705852e+03,2.831945110526703502e-01,3.029550851180824012e+01,3.310152207634011035e+01,1.812582704167338576e+00,2.549999993307715762e+00,3.310152207634011035e+01,1.812582704167338576e+00,3.165956165106764431e+01,2.402663340043400986e+00
1.144299824102464527e+03,3.865200737586746982e-01,3.029718234800449750e+01,3.310372264273817677e+01,1.812479238695944739e+00,2.549999993265564591e+00,3.310372264273817677e+01,1.812479238695944739e+00,3.166153235355949747e+01,2.402619203124921832e+00
1.144686344176223201e+03,3.865200737586746982e-01,3.029885658449148167e+01,3.310592479349269723e+01,1.812375798781157066e+00,2.549999993223175832e+00,3.310592479349269723e+01,1.812375798781157066e+00,3.166350341015584036e+01,2.402575068869162056e+00
1.145072864249981876e+03,3.865200737586746982e-01,3.030053122158347279e+01,3.310812844196564697e+01,1.812272384322528573e+00,2.549999993180548596e+00,3.310812844196564697e+01,1.812272384322528573e+00,3.166547482015914738e+01,2.402530937275494161e+00
1.145459384323740551e+03,3.865200737586746982e-01,3.030220625959636749e+01,3.311033351169913885e+01,1.812168995229713531e+00,2.549999993137681997e+00,3.311033351169913885e+01,1.812168995229713531e+00,3.166744658290834735e+01,2.402486808343288427e+00
1.145845904397499226e+03,3.865200737586746982e-01,3.030388169884756522e+01,3.311253993475061463e+01,1.812065631420821221e+00,2.549999993094574258e+00,3.311253993475061463e+01,1.812065631420821221e+00,3.166941869777475915e+01,2.402442682071915581e+00
1.146352632198513447e+03,5.067278010142217681e-01,3.030607880799106724e+01,3.311543450452367665e+01,1.811930159648927230e+00,2.549999993037693091e+00,3.311543450452367665e+01,1.811930159648927230e+00,3.167200467269350739e+01,2.402384836561686665e+00
1.146859359999527669e+03,5.067278010142217681e-01,3.030827660802092183e+01,3.311833117546090932e+01,1.811794731052559282e+00,2.549999992980393593e+00,3.311833117546090932e+01,1.811794731052559282e+00,3.167459125049192892e+01,2.402326995622215300e+00
1.147366087800541891e+03,5.067278010142217681e-01,3.031047509966219522e+01,3.312122984108411572e+01,1.811659345493566331e+00,2.549999992922672210e+00,3.312122984108411572e+01,1.811659345493566331e+00,3.167717842995443078e+01,2.402269159252102604e+00
1.147872815601556113e+03,5.067278010142217681e-01,3.031267428364293437e+01,3.312413040653537166e+01,1.811524002845392722e+00,2.549999992864526721e+00,3.312413040653537166e+01,1.811524002845392722e+00,3.167976620992457981e+01,2.402211327449955469e+00
1.148379543402570334e+03,5.067278010142217681e-01,3.031487416069375485e+01,3.312703278680381658e+01,1.811388702991322486e+00,2.549999992805954463e+00,3.312703278680381658e+01,1.811388702991322486e+00,3.168235458929896353e+01,2.402153500214383897e+00
1.149025051600871166e+03,6.455081983008312818e-01,3.031767753540825083e+01,3.313073256638426756e+01,1.811216409613063183e+00,2.549999992730718645e+00,3.313073256638426756e+01,1.811216409613063183e+00,3.168565272917645359e+01,2.402079842119722475e+00
1.149670559799171997e+03,6.455081983008312818e-01,3.032048203751659443e+01,3.313443502592480172e+01,1.811044185297364217e+00,2.549999992654779390e+00,3.313443502592480172e+01,1.811044185297364217e+00,3.168895183795244108e+01,2.402006191430408055e+00
1.150316067997472828e+03,6.455081983008312818e-01,3.032328766854092805e+01,3.313814003981458711e+01,1.810872029853225040e+00,2.549999992578131813e+00,3.313814003981458711e+01,1.810872029853225040e+00,3.169225191364758132e+01,2.401932548143589141e+00
1.150961576195773659e+03,6.455081983008312818e-01,3.032609443000528415e+01,3.314184749533566787e+01,1.810699943102650700e+00,2.549999992500769697e+00,3.314184749533566787e+01,1.810699943102650700e+00,3.169555295437196918e+01,2.401858912256425338e+00
1.151607084394074491e+03,6.455081983008312818e-01,3.032890232343427428e+01,3.314555729082395175e+01,1.810527924878830408e+00,2.549999992422687711e+00,3.314555729082395175e+01,1.810527924878830408e+00,3.169885495831623956e+01,2.401785283766083801e+00
1.152410061623320416e+03,8.029772292459256278e-01,3.033239677289900627e+01,3.315017520293126552e+01,1.810314038931776448e+00,2.549999992324543552e+00,3.315017520293126552e+01,1.810314038931776448e+00,3.170296381406754094e+01,2.401693704232091164e+00
1.153213038852566342e+03,8.029772292459256278e-01,3.033589297925368200e+01,3.315479643448905733e+01,1.810100258496307735e+00,2.549999992225265188e+00,3.315479643448905733e+01,1.810100258496307735e+00,3.170707415442545241e+01,2.401602136134143084e+00
1.154016016081812268e+03,8.029772292459256278e-01,3.033939094541845449e+01,3.315942084276288426e+01,1.809886583305275076e+00,2.549999992124840187e+00,3.315942084276288426e+01,1.809886583305275076e+00,3.171118597633376268e+01,2.401510579466824336e+00
1.154818993311058193e+03,8.029772292459256278e-01,3.034289067430099607e+01,3.316404829896225692e+01,1.809673013105876027e+00,2.549999992023257445e+00,3.316404829896225692e+01,1.809673013105876027e+00,3.171529927686313499e+01,2.401419034224732574e+00
1.155621970540304119e+03,8.029772292459256278e-01,3.034639216879287105e+01,3.316867868636971650e+01,1.809459547657795264e+00,2.549999991920504971e+00,3.316867868636971650e+01,1.809459547657795264e+00,3.171941405319914153e+01,2.401327500402479664e+00
1.156619282873123893e+03,9.973123328197743831e-01,3.035074355128004342e+01,3.317443363425630309e+01,1.809194565188915860e+00,2.549999991791239040e+00,3.317443363425630309e+01,1.809194565188915860e+00,3.172452673101569687e+01,2.401213829621243079e+00
1.157616595205943668e+03,9.973123328197743831e-01,3.035509766729327907e+01,3.318019275700026327e+01,1.808929743538443269e+00,2.549999991660127918e+00,3.318019275700026327e+01,1.808929743538443269e+00,3.172964167626516030e+01,2.401100176437782174e+00
1.158613907538763442e+03,9.973123328197743831e-01,3.035945452221921670e+01,3.318595588920496908e+01,1.808665082306893490e+00,2.549999991527149401e+00,3.318595588920496908e+01,1.808665082306893490e+00,3.173475888416290402e+01,2.400986540841844263e+00
1.159611219871583216e+03,9.973123328197743831e-01,3.036381412136963220e+01,3.319172288146244654e+01,1.808400581111780925e+00,2.549999991392279064e+00,3.319172288146244654e+01,1.808400581111780925e+00,3.173987835010827752e+01,2.400872922823202860e+00
1.160608532204402991e+03,9.973123328197743831e-01,3.036817646997216613e+01,3.319749359825983248e+01,1.808136239585520055e+00,2.549999991255494702e+00,3.319749359825983248e+01,1.808136239585520055e+00,3.174500006966760779e+01,2.400759322371654569e+00
1.161605844537222765e+03,9.973123328197743831e-01,3.037254157316117542e+01,3.320326791613197770e+01,1.807872057373572261e+00,2.549999991116771891e+00,3.320326791613197770e+01,1.807872057373572261e+00,3.175012403855877707e+01,2.400645739477019092e+00
1.163071619931693249e+03,1.465775394470483661e+00,3.037896208660951913e+01,3.321176087944883193e+01,1.807484070456372383e+00,2.549999990909319614e+00,3.321176087944883193e+01,1.807484070456372383e+00,3.175765894010717716e+01,2.400478835640171837e+00
1.164537395326163733e+03,1.465775394470483661e+00,3.038538857660498138e+01,3.322026105606858692e+01,1.807096425884138213e+00,2.549999990697551677e+00,3.322026105606858692e+01,1.807096425884138213e+00,3.176519867882696957e+01,2.400311969673791790e+00
1.166003170720634216e+03,1.465775394470483661e+00,3.039182105811530121e+01,3.322876815885668123e+01,1.806709122647584875e+00,2.549999990481389922e+00,3.322876815885668123e+01,1.806709122647584875e+00,3.177274324257029647e+01,2.400145141545809491e+00
1.167468946115104700e+03,1.465775394470483661e+00,3.039825954548983944e+01,3.323728193165005251e+01,1.806322159772790537e+00,2.549999990260754856e+00,3.323728193165005251e+01,1.806322159772790537e+00,3.178029261965595609e+01,2.399978351224252293e+00
1.168934721509575184e+03,1.465775394470483661e+00,3.040470405241352836e+01,3.324580214476070950e+01,1.805935536316609191e+00,2.549999990035566544e+00,3.324580214476070950e+01,1.805935536316609191e+00,3.178784679882096498e+01,2.399811598677234592e+00
1.170400496904045667e+03,1.465775394470483661e+00,3.041115459186442749e+01,3.325432859110850359e+01,1.805549251362713825e+00,2.549999989805742384e+00,3.325432859110850359e+01,1.805549251362713825e+00,3.179540576917736061e+01,2.399644883872958712e+00
1.172209779748100345e+03,1.809282844054678208e+00,3.041912516528103794e+01,3.326486154583284360e+01,1.805072905208516598e+00,2.549999989515542520e+00,3.326486154583284360e+01,1.805072905208516598e+00,3.180474279097666468e+01,2.399439151114357571e+00
1.174019062592155024e+03,1.809282844054678208e+00,3.042710496995244540e+01,3.327540339553839033e+01,1.804597071810955855e+00,2.549999989217994312e+00,3.327540339553839033e+01,1.804597071810955855e+00,3.181408707750006926e+01,2.399233475753758338e+00
1.175828345436209702e+03,1.809282844054678208e+00,3.043509402534019159e+01,3.328595385641084903e+01,1.804121749577645595e+00,2.549999988912936555e+00,3.328595385641084903e+01,1.804121749577645595e+00,3.182343861018146569e+01,2.399027857731879987e+00
1.177637628280264380e+03,1.809282844054678208e+00,3.044309234893561111e+01,3.329651267371365719e+01,1.803646936954143687e+00,2.549999988600204048e+00,3.329651267371365719e+01,1.803646936954143687e+00,3.183279737102623486e+01,2.398822296989622238e+00
1.179446911124319058e+03,1.809282844054678208e+00,3.045109995620017429e+01,3.330707961773015313e+01,1.803172632419666410e+00,2.549999988279628926e+00,3.330707961773015313e+01,1.803172632419666410e+00,3.184216334255383885e+01,2.398616793468064667e+00
1.181256193968373736e+03,1.809282844054678208e+00,3.045911686051872636e+01,3.331765448034022370e+01,1.802698834483446477e+00,2.549999987951040659e+00,3.331765448034022370e+01,1.802698834483446477e+00,3.185153650774757494e+01,2.398411347108460490e+00
1.183487101942773961e+03,2.230907974400224703e+00,3.046901479511262067e+01,3.333070427194000729e+01,1.802115320599008363e+00,2.549999987534589785e+00,3.333070427194000729e+01,1.802115320599008363e+00,3.186310382176979417e+01,2.398158103289238507e+00
1.185718009917174186e+03,2.230907974400224703e+00,3.047892689838695546e+01,3.334376549548989743e+01,1.801532572016499634e+00,2.549999987105358468e+00,3.334376549548989743e+01,1.801532572016499634e+00,3.187468201732975714e+01,2.397904946179046259e+00
1.187948917891574411e+03,2.230907974400224703e+00,3.048885318208612105e+01,3.335683786316510435e+01,1.800950586093646555e+00,2.549999986663006535e+00,3.335683786316510435e+01,1.800950586093646555e+00,3.188627106490362095e+01,2.397651875668804777e+00
1.190179825865974635e+03,2.230907974400224703e+00,3.049879365305491419e+01,3.336992111555267115e+01,1.800369360234068905e+00,2.549999986207186264e+00,3.336992111555267115e+01,1.800369360234068905e+00,3.189787093568324750e+01,2.397398891649807684e+00
1.192410733840374860e+03,2.230907974400224703e+00,3.050874831331461579e+01,3.338301501783087843e+01,1.799788891882988962e+00,2.549999985737542385e+00,3.338301501783087843e+01,1.799788891882988962e+00,3.190948160150706059e+01,2.397145994013718528e+00
1.194641641814775085e+03,2.230907974400224703e+00,3.051871716017764768e+01,3.339611935653346819e+01,1.799209178523551111e+00,2.549999985253711188e+00,3.339611935653346819e+01,1.799209178523551111e+00,3.192110303479910627e+01,2.396893182652561016e+00
1.197141641814775085e+03,2.500000000000000000e+00,3.052990529639821915e+01,3.341081650054614727e+01,1.798560434181211365e+00,2.549999984694204080e+00,3.341081650054614727e+01,1.798560434181211365e+00,3.193413900543278672e+01,2.396609979574967575e+00
1.199641641814775085e+03,2.500000000000000000e+00,3.054111122208671247e+01,3.342552625665333466e+01,1.797912631388137950e+00,2.549999984115880469e+00,3.342552625665333466e+01,1.797912631388137950e+00,3.194718842645586676e+01,2.396326884554432102e+00
1.200000000000000000e+03,3.583581852249153599e-01,3.054271897264476365e+01,3.342763582118186605e+01,1.797819850170808920e+00,2.549999984031407596e+00,3.342763582118186605e+01,1.797819850170808920e+00,3.194906007323290709e+01,2.396286313633266385e+00
1.200000029127818152e+03,2.912781815211928915e-05,3.054271910333965323e+01,3.342763599264623764e+01,1.797819842630209886e+00,2.549999984031400491e+00,3.342763599264623764e+01,1.797819842630209886e+00,3.194906022537398016e+01,2.396286310335698833e+00
1.200000058255636304e+03,2.912781815211928915e-05,3.054271923403454281e+01,3.342763616410202587e+01,1.797819835089606411e+00,2.549999984031393829e+00,3.342763616410202587e+01,1.797819835089606411e+00,3.194906037751504968e+01,2.396286307038132168e+00
1.200000349533817825e+03,2.912781815211928915e-04,3.054272054098364464e+01,3.342763787835381351e+01,1.797819759683392027e+00,2.549999984031324995e+00,3.342763787835381351e+01,1.797819759683392027e+00,3.194906189892564186e+01,2.396286274062463750e+00
1.200000640811999347e+03,2.912781815211928915e-04,3.054272184793298095e+01,3.342763959237065308e+01,1.797819684277047303e+00,2.549999984031256162e+00,3.342763959237065308e+01,1.797819684277047303e+00,3.194906342033605995e+01,2.396286241086796220e+00
1.200003553593814559e+03,2.912781815211928915e-03,3.054273491744706703e+01,3.342765672314965997e+01,1.797818930209263089e+00,2.549999984030567823e+00,3.342765672314965997e+01,1.797818930209263089e+00,3.194907863442592344e+01,2.396285911330247931e+00
1.200006466375629770e+03,2.912781815211928915e-03,3.054274798698473603e+01,3.342767384660596264e+01,1.797818176138517909e+00,2.549999984029879485e+00,3.342767384660596264e+01,1.797818176138517909e+00,3.194909384849945155e+01,2.396285581573839529e+00
1.200014616221237475e+03,8.149845607704264694e-03,3.054278455513739132e+01,3.342772173281093018e+01,1.797816066271113566e+00,2.549999984027953470e+00,3.342772173281093018e+01,1.797816066271113566e+00,3.194913641678157390e+01,2.396284658929443534e+00
1.200022766066845179e+03,8.149845607704264694e-03,3.054282112347216582e+01,3.342776958710343393e+01,1.797813956395009738e+00,2.549999984026027455e+00,3.342776958710343393e+01,1.797813956395009738e+00,3.194917898493793729e+01,2.396283736286129340e+00
1.200030915912452883e+03,8.149845607704264694e-03,3.054285769199379175e+01,3.342781741621099201e+01,1.797811846514300704e+00,2.549999984024100996e+00,3.342781741621099201e+01,1.797811846514300704e+00,3.194922155296553967e+01,2.396282813643925813e+00
1.200045942263416691e+03,1.502635096380799951e-02,3.054292511602637106e+01,3.342790554640201606e+01,1.797807956397087903e+00,2.549999984020548727e+00,3.342790554640201606e+01,1.797807956397087903e+00,3.194930003780949335e+01,2.396281112517012257e+00
1.200060968614380499e+03,1.502635096380799951e-02,3.054299254070199865e+01,3.342799361813741399e+01,1.797804066280119573e+00,2.549999984016996457e+00,3.342799361813741399e+01,1.797804066280119573e+00,3.194937852221215735e+01,2.396279411393919645e+00
1.200075994965344307e+03,1.502635096380799951e-02,3.054305996602026241e+01,3.342808163907768915e+01,1.797800176167736907e+00,2.549999984013442411e+00,3.342808163907768915e+01,1.797800176167736907e+00,3.194945700617483197e+01,2.396277710274646644e+00
1.200091021316308115e+03,1.502635096380799951e-02,3.054312739198018178e+01,3.342816961420648170e+01,1.797796286062727900e+00,2.549999984009888365e+00,3.342816961420648170e+01,1.797796286062727900e+00,3.194953548969901291e+01,2.396276009159187037e+00
1.200116838267286084e+03,2.581695097796909977e-02,3.054324323881598957e+01,3.342832066923408973e+01,1.797789602450805546e+00,2.549999984003779918e+00,3.342832066923408973e+01,1.797789602450805546e+00,3.194967033214683028e+01,2.396273086461536028e+00
1.200142655218264053e+03,2.581695097796909977e-02,3.054335908754543638e+01,3.342847161625944352e+01,1.797782918876140945e+00,2.549999983997669251e+00,3.342847161625944352e+01,1.797782918876140945e+00,3.194980517330628089e+01,2.396270163775138240e+00
1.200168472169242023e+03,2.581695097796909977e-02,3.054347493816885972e+01,3.342862246610108201e+01,1.797776235344913598e+00,2.549999983991557251e+00,3.342862246610108201e+01,1.797776235344913598e+00,3.194994001318026022e+01,2.396267241099996781e+00
1.200194289120219992e+03,2.581695097796909977e-02,3.054359079068642657e+01,3.342877322645863813e+01,1.797769551861516879e+00,2.549999983985442142e+00,3.342877322645863813e+01,1.797769551861516879e+00,3.195007485177143991e+01,2.396264318436111651e+00
1.200238447966586591e+03,4.415884636659939133e-02,3.054378895610418354e+01,3.342903090506298014e+01,1.797758120154842487e+00,2.549999983974978957e+00,3.342903090506298014e+01,1.797758120154842487e+00,3.195030548474031917e+01,2.396259319364301810e+00
1.200282606812953190e+03,4.415884636659939133e-02,3.054398712706325014e+01,3.342928836458961683e+01,1.797746688612411381e+00,2.549999983964509109e+00,3.342928836458961683e+01,1.797746688612411381e+00,3.195053611397571203e+01,2.396254320325425180e+00
1.200326765659319790e+03,4.415884636659939133e-02,3.054418530356339900e+01,3.342954562394653806e+01,1.797735257244974516e+00,2.549999983954033489e+00,3.342954562394653806e+01,1.797735257244974516e+00,3.195076673948857859e+01,2.396249321319478653e+00
1.200370924505686389e+03,4.415884636659939133e-02,3.054438348560444183e+01,3.342980269746288968e+01,1.797723826060675156e+00,2.549999983943551651e+00,3.342980269746288968e+01,1.797723826060675156e+00,3.195099736128888068e+01,2.396244322346464006e+00
1.200435872333339148e+03,6.494782765275886049e-02,3.054467497731378955e+01,3.343018048117205154e+01,1.797707013680705845e+00,2.549999983928124436e+00,3.343018048117205154e+01,1.797707013680705845e+00,3.195133654786505417e+01,2.396236970030395597e+00
1.200500820160991907e+03,6.494782765275886049e-02,3.054496648100833411e+01,3.343055791864384929e+01,1.797690201728576742e+00,2.549999983912683899e+00,3.343055791864384929e+01,1.797690201728576742e+00,3.195167572645775422e+01,2.396229617785559984e+00
1.200565767988644666e+03,6.494782765275886049e-02,3.054525799668757813e+01,3.343093503453864201e+01,1.797673390218281098e+00,2.549999983897230038e+00,3.343093503453864201e+01,1.797673390218281098e+00,3.195201489709244669e+01,2.396222265611954949e+00
1.200630715816297425e+03,6.494782765275886049e-02,3.054554952435102777e+01,3.343131184869493921e+01,1.797656579161064583e+00,2.549999983881762855e+00,3.343131184869493921e+01,1.797656579161064583e+00,3.195235405979284238e+01,2.396214913509579159e+00
1.200725293785621261e+03,9.457796932383644162e-02,3.054597407259733188e+01,3.343186006562699930e+01,1.797632099485254598e+00,2.549999983859216002e+00,3.343186006562699930e+01,1.797632099485254598e+00,3.195284793929616640e+01,2.396204207398765718e+00
1.200819871754945098e+03,9.457796932383644162e-02,3.054639864625423584e+01,3.343240772068742217e+01,1.797607620814362761e+00,2.549999983836641171e+00,3.343240772068742217e+01,1.797607620814362761e+00,3.195334180208593367e+01,2.396193501438987017e+00
1.200914449724268934e+03,9.457796932383644162e-02,3.054682324532015869e+01,3.343295484914917637e+01,1.797583143168312692e+00,2.549999983814037918e+00,3.343295484914917637e+01,1.797583143168312692e+00,3.195383564822230227e+01,2.396182795630236395e+00
1.201009027693592770e+03,9.457796932383644162e-02,3.054724786979351592e+01,3.343350148106728170e+01,1.797558666564054830e+00,2.549999983791406688e+00,3.343350148106728170e+01,1.797558666564054830e+00,3.195432947776192023e+01,2.396172089972508523e+00
1.201103605662916607e+03,9.457796932383644162e-02,3.054767251967271591e+01,3.343404764214403002e+01,1.797534191016060712e+00,2.549999983768747036e+00,3.343404764214403002e+01,1.797534191016060712e+00,3.195482329075847616e+01,2.396161384465796740e+00
1.201254134215418389e+03,1.505285525017825421e-01,3.054834843698426283e+01,3.343491598501133666e+01,1.797495238393799433e+00,2.549999983732625264e+00,3.343491598501133666e+01,1.797495238393799433e+00,3.195560920042823838e+01,2.396144346090093968e+00
1.201404662767920172e+03,1.505285525017825421e-01,3.054902441864151186e+01,3.343578326610156637e+01,1.797456288520658196e+00,2.549999983696431105e+00,3.343578326610156637e+01,1.797456288520658196e+00,3.195639506851456701e+01,2.396127308096892339e+00
1.201555191320421955e+03,1.505285525017825421e-01,3.054970046463782651e+01,3.343664954826086699e+01,1.797417341431750248e+00,2.549999983660165448e+00,3.343664954826086699e+01,1.797417341431750248e+00,3.195718089519891691e+01,2.396110270486164318e+00
1.201705719872923737e+03,1.505285525017825421e-01,3.055037657496649572e+01,3.343751488547130180e+01,1.797378397157140650e+00,2.549999983623828292e+00,3.343751488547130180e+01,1.797378397157140650e+00,3.195796668065267454e+01,2.396093233257882815e+00
1.201856248425425520e+03,1.505285525017825421e-01,3.055105274962074446e+01,3.343837932450209394e+01,1.797339455722784418e+00,2.549999983587419194e+00,3.343837932450209394e+01,1.797339455722784418e+00,3.195875242503852220e+01,2.396076196412020298e+00
1.202062691473579207e+03,2.064430481536874140e-01,3.055198019692852895e+01,3.343956347651941741e+01,1.797286053980218679e+00,2.549999983537369008e+00,3.343956347651941741e+01,1.797286053980218679e+00,3.195982997114562707e+01,2.396052831776347869e+00
1.202269134521732894e+03,2.064430481536874140e-01,3.055290776519463236e+01,3.344074610600075914e+01,1.797232657671825828e+00,2.549999983487182487e+00,3.344074610600075914e+01,1.797232657671825828e+00,3.196090744067842948e+01,2.396029467859841056e+00
1.202475577569886582e+03,2.064430481536874140e-01,3.055383545440086834e+01,3.344192729083245297e+01,1.797179266840202683e+00,2.549999983436860074e+00,3.344192729083245297e+01,1.797179266840202683e+00,3.196198483399555812e+01,2.396006104662425695e+00
1.202682020618040269e+03,2.064430481536874140e-01,3.055476326452879476e+01,3.344310709929864345e+01,1.797125881522475765e+00,2.549999983386401770e+00,3.344310709929864345e+01,1.797125881522475765e+00,3.196306215143825824e+01,2.395982742184030734e+00
1.202888463666193957e+03,2.064430481536874140e-01,3.055569119555970303e+01,3.344428559172035165e+01,1.797072501751235674e+00,2.549999983335806242e+00,3.344428559172035165e+01,1.797072501751235674e+00,3.196413939333238829e+01,2.395959380424582896e+00
1.203168755854682331e+03,2.802921884883744497e-01,3.055695126105549164e+01,3.344588364526346425e+01,1.797000035810725871e+00,2.549999983266892034e+00,3.344588364526346425e+01,1.797000035810725871e+00,3.196560186757231747e+01,2.395927662809435255e+00
1.203449048043170706e+03,2.802921884883744497e-01,3.055821154934160333e+01,3.344747948895768985e+01,1.796927580210091691e+00,2.549999983197725140e+00,3.344747948895768985e+01,1.796927580210091691e+00,3.196706420386443170e+01,2.395895946519280617e+00
1.203729340231659080e+03,2.802921884883744497e-01,3.055947206036896802e+01,3.344907322588011311e+01,1.796855135003620596e+00,2.549999983128303782e+00,3.344907322588011311e+01,1.796855135003620596e+00,3.196852640291733394e+01,2.395864231553931578e+00
1.204009632420147454e+03,2.802921884883744497e-01,3.056073279408765941e+01,3.345066494753446307e+01,1.796782700239008657e+00,2.549999983058627073e+00,3.345066494753446307e+01,1.796782700239008657e+00,3.196998846540807904e+01,2.395832517913203397e+00
1.204289924608635829e+03,2.802921884883744497e-01,3.056199375044690569e+01,3.345225473571980501e+01,1.796710275958425918e+00,2.549999982988695013e+00,3.345225473571980501e+01,1.796710275958425918e+00,3.197145039198550620e+01,2.395800805596906446e+00
1.204655976912915321e+03,3.660523042794920912e-01,3.056364085279858500e+01,3.345432815632942436e+01,1.796615708097581088e+00,2.549999982896979045e+00,3.345432815632942436e+01,1.796615708097581088e+00,3.197335941600054809e+01,2.395759392357296402e+00
1.205022029217194813e+03,3.660523042794920912e-01,3.056528833466958517e+01,3.345639855008981556e+01,1.796521158254618111e+00,2.549999982804823873e+00,3.345639855008981556e+01,1.796521158254618111e+00,3.197526821059955182e+01,2.395717981375827144e+00
1.205388081521474305e+03,3.660523042794920912e-01,3.056693619594048172e+01,3.345846604648903622e+01,1.796426626493457190e+00,2.549999982712226831e+00,3.345846604648903622e+01,1.796426626493457190e+00,3.197717677705290740e+01,2.395676572652077230e+00
1.205754133825753797e+03,3.660523042794920912e-01,3.056858443648950896e+01,3.346053076177506114e+01,1.796332112870483444e+00,2.549999982619187033e+00,3.346053076177506114e+01,1.796332112870483444e+00,3.197908511657884389e+01,2.395635166185620779e+00
1.206120186130033289e+03,3.660523042794920912e-01,3.057023305619260256e+01,3.346259280094213295e+01,1.796237617435680001e+00,2.549999982525702258e+00,3.346259280094213295e+01,1.796237617435680001e+00,3.198099323034838193e+01,2.395593761976032798e+00
1.206585056333416560e+03,4.648702033832705638e-01,3.057232727645361336e+01,3.346520779101572884e+01,1.796117638706782538e+00,2.549999982406335963e+00,3.346520779101572884e+01,1.796117638706782538e+00,3.198341612664002298e+01,2.395541183717163847e+00
1.207049926536799831e+03,4.648702033832705638e-01,3.057442210774164337e+01,3.346781879415836869e+01,1.795997689463073366e+00,2.549999982286245359e+00,3.346781879415836869e+01,1.795997689463073366e+00,3.198583866287129496e+01,2.395488609096580124e+00
1.207514796740183101e+03,4.648702033832705638e-01,3.057651754978702385e+01,3.347042596837493988e+01,1.795877769774493427e+00,2.549999982165426449e+00,3.347042596837493988e+01,1.795877769774493427e+00,3.198826084117107982e+01,2.395436038113402777e+00
1.207979666943566372e+03,4.648702033832705638e-01,3.057861360231448344e+01,3.347302945686943332e+01,1.795757879702575499e+00,2.549999982043875235e+00,3.347302945686943332e+01,1.795757879702575499e+00,3.199068266358681001e+01,2.395383470766752509e+00
1.208444537146949642e+03,4.648702033832705638e-01,3.058071026504326895e+01,3.347562939010624206e+01,1.795638019301620814e+00,2.549999981921588166e+00,3.347562939010624206e+01,1.795638019301620814e+00,3.199310413209176218e+01,2.395330907055747360e+00
1.209021374091382086e+03,5.768369444324434880e-01,3.058331276933130738e+01,3.347885076839551033e+01,1.795489331136318034e+00,2.549999981768818369e+00,3.347885076839551033e+01,1.795489331136318034e+00,3.199610833644210928e+01,2.395265688116980485e+00
1.209598211035814529e+03,5.768369444324434880e-01,3.058591621216173095e+01,3.348206706337388283e+01,1.795340688809784035e+00,2.549999981614901490e+00,3.348206706337388283e+01,1.795340688809784035e+00,3.199911200230452835e+01,2.395200474773050203e+00
1.210175047980246973e+03,5.768369444324434880e-01,3.058852059296440373e+01,3.348527846328303781e+01,1.795192092391166172e+00,2.549999981459831311e+00,3.348527846328303781e+01,1.795192092391166172e+00,3.200211513305197286e+01,2.395135267022262315e+00
1.210751884924679416e+03,5.768369444324434880e-01,3.059112591115734858e+01,3.348848514011657329e+01,1.795043541940416265e+00,2.549999981303598950e+00,3.348848514011657329e+01,1.795043541940416265e+00,3.200511773193635889e+01,2.395070064862920844e+00
1.211328721869111860e+03,5.768369444324434880e-01,3.059373216614706337e+01,3.349168725172501127e+01,1.794895037509492086e+00,2.549999981146197747e+00,3.349168725172501127e+01,1.794895037509492086e+00,3.200811980209857666e+01,2.395004868293328926e+00
1.212045728916001508e+03,7.170070468896483362e-01,3.059697304034016696e+01,3.349566132328716606e+01,1.794710511049729451e+00,2.549999980948906675e+00,3.349566132328716606e+01,1.794710511049729451e+00,3.201185063619384863e+01,2.394923836891099445e+00
1.212762735962891156e+03,7.170070468896483362e-01,3.060021535980522600e+01,3.349962882120438223e+01,1.794526055834724909e+00,2.549999980749783735e+00,3.349962882120438223e+01,1.794526055834724909e+00,3.201558066371023159e+01,2.394842814119380048e+00
1.213479743009780805e+03,7.170070468896483362e-01,3.060345912333248819e+01,3.350358997942188921e+01,1.794341671925240522e+00,2.549999980548812495e+00,3.350358997942188921e+01,1.794341671925240522e+00,3.201930989007539807e+01,2.394761799974900907e+00
1.214196750056670453e+03,7.170070468896483362e-01,3.060670432968808541e+01,3.350754501260188079e+01,1.794157359371202354e+00,2.549999980345979189e+00,3.350754501260188079e+01,1.794157359371202354e+00,3.202303832052857047e+01,2.394680794454388639e+00
1.214913757103560101e+03,7.170070468896483362e-01,3.060995097761495742e+01,3.351149411852782833e+01,1.793973118213069817e+00,2.549999980141268718e+00,3.351149411852782833e+01,1.793973118213069817e+00,3.202676596013521504e+01,2.394599797554567644e+00
1.215630764150449750e+03,7.170070468896483362e-01,3.061319906583376849e+01,3.351543748023093627e+01,1.793788948483047152e+00,2.549999979934665983e+00,3.351543748023093627e+01,1.793788948483047152e+00,3.203049281380066304e+01,2.394518809272160986e+00
1.216682293901845696e+03,1.051529751395946732e+00,3.061796516579013527e+01,3.352121059726091090e+01,1.793518982817997820e+00,2.549999979628217339e+00,3.352121059726091090e+01,1.793518982817997820e+00,3.203595703538507422e+01,2.394400051139383478e+00
1.217733823653241643e+03,1.051529751395946732e+00,3.062273435651655262e+01,3.352697221579774833e+01,1.793249170885980348e+00,2.549999979317617793e+00,3.352697221579774833e+01,1.793249170885980348e+00,3.204141959126084771e+01,2.394281311523384304e+00
1.218785353404637590e+03,1.051529751395946732e+00,3.062750663374299975e+01,3.353272278336098822e+01,1.792979512716353252e+00,2.549999979002818939e+00,3.353272278336098822e+01,1.792979512716353252e+00,3.204688049532689575e+01,2.394162590413818403e+00
1.219836883156033537e+03,1.051529751395946732e+00,3.063228199311674516e+01,3.353846270833464871e+01,1.792710008316857451e+00,2.549999978683771928e+00,3.353846270833464871e+01,1.792710008316857451e+00,3.205233976095458814e+01,2.394043887800336279e+00
1.220888412907429483e+03,1.051529751395946732e+00,3.063706043020811975e+01,3.354419236522534220e+01,1.792440657676606985e+00,2.549999978360426578e+00,3.354419236522534220e+01,1.792440657676606985e+00,3.205779740103213271e+01,2.393925203672591095e+00
1.221939942658825430e+03,1.051529751395946732e+00,3.064184194051615151e+01,3.354991209920202522e+01,1.792171460768669400e+00,2.549999978032733150e+00,3.354991209920202522e+01,1.792171460768669400e+00,3.206325342800435152e+01,2.393806538020234242e+00
1.223235240915109898e+03,1.295298256284468152e+00,3.064773613132132013e+01,3.355694462850983228e+01,1.791840069156286352e+00,2.549999977623021330e+00,3.355694462850983228e+01,1.791840069156286352e+00,3.206997208648816411e+01,2.393660388352617296e+00
1.224530539171394366e+03,1.295298256284468152e+00,3.065363496979186309e+01,3.356396313465636183e+01,1.791508910650788433e+00,2.549999977206538926e+00,3.356396313465636183e+01,1.791508910650788433e+00,3.207668833721552204e+01,2.393514266684296121e+00
1.225825837427678835e+03,1.295298256284468152e+00,3.065953844714235643e+01,3.357096812278914655e+01,1.791177985126167993e+00,2.549999976783190014e+00,3.357096812278914655e+01,1.791177985126167993e+00,3.208340220109796803e+01,2.393368172995949728e+00
1.227121135683963303e+03,1.295298256284468152e+00,3.066544655447694012e+01,3.357796005832143749e+01,1.790847292435262306e+00,2.549999976352876896e+00,3.357796005832143749e+01,1.790847292435262306e+00,3.209011369830981408e+01,2.393222107268270893e+00
1.228416433940247771e+03,1.295298256284468152e+00,3.067135928280281121e+01,3.358493937185433964e+01,1.790516832412542669e+00,2.549999975915499650e+00,3.358493937185433964e+01,1.790516832412542669e+00,3.209682284834480015e+01,2.393076069481964829e+00
1.229711732196532239e+03,1.295298256284468152e+00,3.067727662304320901e+01,3.359190646336616481e+01,1.790186604876486287e+00,2.549999975470959246e+00,3.359190646336616481e+01,1.790186604876486287e+00,3.210352967006644320e+01,2.392930059617750960e+00
1.231304525071559283e+03,1.592792875027043920e+00,3.068455932355252713e+01,3.360045749841976459e+01,1.789780851520435423e+00,2.549999974914350265e+00,3.360045749841976459e+01,1.789780851520435423e+00,3.211177370057030345e+01,2.392750553526587609e+00
1.232897317946586327e+03,1.592792875027043920e+00,3.069184896674491725e+01,3.360899125793650200e+01,1.789375449020576214e+00,2.549999974346564446e+00,3.360899125793650200e+01,1.789375449020576214e+00,3.212001427090338979e+01,2.392571089591362110e+00
1.234490110821613371e+03,1.592792875027043920e+00,3.069914553538166757e+01,3.361750833640834912e+01,1.788970396963198706e+00,2.549999973767409500e+00,3.361750833640834912e+01,1.788970396963198706e+00,3.212825141277029672e+01,2.392391667776328834e+00
1.236082903696640415e+03,1.592792875027043920e+00,3.070644901214525291e+01,3.362600928516342691e+01,1.788565694913171855e+00,2.549999973176688695e+00,3.362600928516342691e+01,1.788565694913171855e+00,3.213648515680575457e+01,2.392212288045787449e+00
1.237675696571667459e+03,1.592792875027043920e+00,3.071375937966425340e+01,3.363449461728527012e+01,1.788161342416705768e+00,2.549999972574202189e+00,3.363449461728527012e+01,1.788161342416705768e+00,3.214471553265044435e+01,2.392032950364080257e+00
1.239268489446694502e+03,1.592792875027043920e+00,3.072107662053502253e+01,3.364296481183643550e+01,1.787757339003721357e+00,2.549999971959748812e+00,3.364296481183643550e+01,1.787757339003721357e+00,3.215294256901916015e+01,2.391853654695598408e+00
1.241214430835571193e+03,1.945941388876690326e+00,3.073002551749149092e+01,3.365329309598715923e+01,1.787264234407683894e+00,2.549999971192521198e+00,3.365329309598715923e+01,1.787264234407683894e+00,3.216298918370632265e+01,2.391634663179730058e+00
1.243160372224447883e+03,1.945941388876690326e+00,3.073898461579383579e+01,3.366360021673162350e+01,1.786771649218285241e+00,2.549999970406746197e+00,3.366360021673162350e+01,1.786771649218285241e+00,3.217303090458882764e+01,2.391415734254617398e+00
1.245106313613324573e+03,1.945941388876690326e+00,3.074795388370447924e+01,3.367388688293755195e+01,1.786279582502801055e+00,2.549999969602037897e+00,3.367388688293755195e+01,1.786279582502801055e+00,3.218306777914067141e+01,2.391196867855632568e+00
1.247052255002201264e+03,1.945941388876690326e+00,3.075693328951653172e+01,3.368415375520255850e+01,1.785788033307551759e+00,2.549999968778004167e+00,3.368415375520255850e+01,1.785788033307551759e+00,3.219309985327365098e+01,2.390978063918262730e+00
1.248998196391077954e+03,1.945941388876690326e+00,3.076592280154485692e+01,3.369440145098939610e+01,1.785297000660740041e+00,2.549999967934244882e+00,3.369440145098939610e+01,1.785297000660740041e+00,3.220312717144145154e+01,2.390759322378115392e+00
1.250944137779954644e+03,1.945941388876690326e+00,3.077492238810030756e+01,3.370463054909198775e+01,1.784806483574911562e+00,2.549999967070354145e+00,3.370463054909198775e+01,1.784806483574911562e+00,3.221314977673373647e+01,2.390540643170922408e+00
1.253291090029590123e+03,2.346952249635478438e+00,3.078578992651483759e+01,3.371694364330321747e+01,1.784215567382107626e+00,2.549999966001067708e+00,3.371694364330321747e+01,1.784215567382107626e+00,3.222523158509855534e+01,2.390276982368220171e+00
1.255638042279225601e+03,2.346952249635478438e+00,3.079667201745058591e+01,3.372923136810591416e+01,1.783625397898203513e+00,2.549999964901159100e+00,3.372923136810591416e+01,1.783625397898203513e+00,3.223730666981257542e+01,2.390013412030567164e+00
1.257984994528861080e+03,2.346952249635478438e+00,3.080756860459257496e+01,3.374149455756458593e+01,1.783035973323513046e+00,2.549999963769874256e+00,3.374149455756458593e+01,1.783035973323513046e+00,3.224937509953458914e+01,2.389749932045940550e+00
1.260000000000000000e+03,2.015005471138920257e+00,3.081693552944976133e+01,3.375200429292799953e+01,1.782530508358462606e+00,2.549999962772978801e+00,3.375200429292799953e+01,1.782530508358462606e+00,3.225973134307472634e+01,2.389523789983023949e+00
1.260000029235168540e+03,2.923516854025365319e-05,3.081693566542897855e+01,3.375200444531174782e+01,1.782530501028777747e+00,2.549999962772964146e+00,3.375200444531174782e+01,1.782530501028777747e+00,3.225973149329563938e+01,2.389523786702471675e+00
1.260000058470337081e+03,2.923516854025365319e-05,3.081693580140819222e+01,3.375200459771108541e+01,1.782530493699094221e+00,2.549999962772949491e+00,3.375200459771108541e+01,1.782530493699094221e+00,3.225973164351653111e+01,2.389523783421920289e+00
1.260000350822022483e+03,2.923516854025365319e-04,3.081693716120054205e+01,3.375200612226017682e+01,1.782530420402325122e+00,2.549999962772803386e+00,3.375200612226017682e+01,1.782530420402325122e+00,3.225973314572609496e+01,2.389523750616404651e+00
1.260000643173707886e+03,2.923516854025365319e-04,3.081693852099310860e+01,3.375200764723580704e+01,1.782530347105608204e+00,2.549999962772656836e+00,3.375200764723580704e+01,1.782530347105608204e+00,3.225973464793616330e+01,2.389523717810889902e+00
1.260003566690561911e+03,2.923516854025365319e-03,3.081695211893798003e+01,3.375202291403547861e+01,1.782529614140992313e+00,2.549999962771193118e+00,3.375202291403547861e+01,1.782529614140992313e+00,3.225974967008277616e+01,2.389523389755868088e+00
1.260006490207415936e+03,2.923516854025365319e-03,3.081696571690468289e+01,3.375203819412545414e+01,1.782528881178712554e+00,2.549999962769728956e+00,3.375203819412545414e+01,1.782528881178712554e+00,3.225976469228159260e+01,2.389523061700983053e+00
1.260013216275432114e+03,6.726068016178032849e-03,3.081699700150904775e+01,3.375207338109851207e+01,1.782527194876059928e+00,2.549999962766360984e+00,3.375207338109851207e+01,1.782527194876059928e+00,3.225979925368801560e+01,2.389522306953124620e+00
1.260019942343448292e+03,6.726068016178032849e-03,3.081702828622658785e+01,3.375210860861692908e+01,1.782525508582930573e+00,2.549999962762992567e+00,3.375210860861692908e+01,1.782525508582930573e+00,3.225983381536447325e+01,2.389521552205979837e+00
1.260026668411464470e+03,6.726068016178032849e-03,3.081705957106085947e+01,3.375214386916272957e+01,1.782523822298826444e+00,2.549999962759623706e+00,3.375214386916272957e+01,1.782523822298826444e+00,3.225986837731915102e+01,2.389520797459571799e+00
1.260038963063293750e+03,1.229465182927924616e-02,3.081711675724865174e+01,3.375220839437299958e+01,1.782520739944273291e+00,2.549999962753465521e+00,3.375220839437299958e+01,1.782520739944273291e+00,3.225993155421017633e+01,2.389519417852436600e+00
1.260051257715123029e+03,1.229465182927924616e-02,3.081717394383229447e+01,3.375227299674295978e+01,1.782517657617174400e+00,2.549999962747306448e+00,3.375227299674295978e+01,1.782517657617174400e+00,3.225999473204274892e+01,2.389518038247797627e+00
1.260063552366952308e+03,1.229465182927924616e-02,3.081723113081147858e+01,3.375233766615421871e+01,1.782514575316600514e+00,2.549999962741146486e+00,3.375233766615421871e+01,1.782514575316600514e+00,3.226005791081508534e+01,2.389516658645652214e+00
1.260075847018781587e+03,1.229465182927924616e-02,3.081728831818548997e+01,3.375240239604185888e+01,1.782511493041921247e+00,2.549999962734985193e+00,3.375240239604185888e+01,1.782511493041921247e+00,3.226012109052457077e+01,2.389515279045997254e+00
1.260096151597883136e+03,2.030457910154837009e-02,3.081738276381938491e+01,3.375250941671050242e+01,1.782506402730431150e+00,2.549999962724808444e+00,3.375250941671050242e+01,1.782506402730431150e+00,3.226022543366691053e+01,2.389513000646924290e+00
1.260116456176984684e+03,2.030457910154837009e-02,3.081747721052980182e+01,3.375261657039646224e+01,1.782501312486665546e+00,2.549999962714629032e+00,3.375261657039646224e+01,1.782501312486665546e+00,3.226032977935902579e+01,2.389510722254641450e+00
1.260136760756086233e+03,2.030457910154837009e-02,3.081757165831695389e+01,3.375272384433405648e+01,1.782496222309482237e+00,2.549999962704447398e+00,3.375272384433405648e+01,1.782496222309482237e+00,3.226043412759847939e+01,2.389508443869148291e+00
1.260157065335187781e+03,2.030457910154837009e-02,3.081766610718093347e+01,3.375283122926692414e+01,1.782491132198050332e+00,2.549999962694263100e+00,3.375283122926692414e+01,1.782491132198050332e+00,3.226053847838281285e+01,2.389506165490445699e+00
1.260191260085804288e+03,3.419475061650700809e-02,3.081782517005768085e+01,3.375301230663170315e+01,1.782482560136124716e+00,2.549999962677106602e+00,3.375301230663170315e+01,1.782482560136124716e+00,3.226071422030167213e+01,2.389502328509657048e+00
1.260225454836420795e+03,3.419475061650700809e-02,3.081798423598812420e+01,3.375319364903605646e+01,1.782473988256173092e+00,2.549999962659942998e+00,3.375319364903605646e+01,1.782473988256173092e+00,3.226088996941979303e+01,2.389498491548127213e+00
1.260259649587037302e+03,3.419475061650700809e-02,3.081814330497203613e+01,3.375337523435823783e+01,1.782465416556188398e+00,2.549999962642772289e+00,3.375337523435823783e+01,1.782465416556188398e+00,3.226106572572683007e+01,2.389494654605856194e+00
1.260293844337653809e+03,3.419475061650700809e-02,3.081830237700922126e+01,3.375355704565703263e+01,1.782456845034634085e+00,2.549999962625594474e+00,3.375355704565703263e+01,1.782456845034634085e+00,3.226124148921338275e+01,2.389490817682842216e+00
1.260343373756647225e+03,4.952941899341567478e-02,3.081853279046629268e+01,3.375382076397620779e+01,1.782444429920035489e+00,2.549999962600701497e+00,3.375382076397620779e+01,1.782444429920035489e+00,3.226149608671574498e+01,2.389485260122206967e+00
1.260392903175640640e+03,4.952941899341567478e-02,3.081876321032825317e+01,3.375408489250670385e+01,1.782432015173984086e+00,2.549999962575793422e+00,3.375408489250670385e+01,1.782432015173984086e+00,3.226175069923776562e+01,2.389479702601972289e+00
1.260442432594634056e+03,4.952941899341567478e-02,3.081899363659455915e+01,3.375434940294503150e+01,1.782419600793905712e+00,2.549999962550870691e+00,3.375434940294503150e+01,1.782419600793905712e+00,3.226200532675638044e+01,2.389474145122135962e+00
1.260491962013627472e+03,4.952941899341567478e-02,3.081922406926465641e+01,3.375461427235380540e+01,1.782407186777709818e+00,2.549999962525932862e+00,3.375461427235380540e+01,1.782407186777709818e+00,3.226225996925015949e+01,2.389468587682699763e+00
1.260564043816581034e+03,7.208180295356214629e-02,3.081955943699738398e+01,3.375500034715268782e+01,1.782389120895524481e+00,2.549999962489614802e+00,3.375500034715268782e+01,1.782389120895524481e+00,3.226263058561437447e+01,2.389460499829303419e+00
1.260636125619534596e+03,7.208180295356214629e-02,3.081989481829045019e+01,3.375538709164778339e+01,1.782371055775762381e+00,2.549999962453265212e+00,3.375538709164778339e+01,1.782371055775762381e+00,3.226300123359453664e+01,2.389452412061463971e+00
1.260708207422488158e+03,7.208180295356214629e-02,3.082023021314215327e+01,3.375577446466652987e+01,1.782352991414648757e+00,2.549999962416884536e+00,3.375577446466652987e+01,1.782352991414648757e+00,3.226337191313600528e+01,2.389444324379180085e+00
1.260780289225441720e+03,7.208180295356214629e-02,3.082056562155079860e+01,3.375616243104391856e+01,1.782334927808951530e+00,2.549999962380472329e+00,3.375616243104391856e+01,1.782334927808951530e+00,3.226374262418717365e+01,2.389436236782445100e+00
1.260852371028395282e+03,7.208180295356214629e-02,3.082090104351468796e+01,3.375655096061693428e+01,1.782316864955890257e+00,2.549999962344029036e+00,3.375655096061693428e+01,1.782316864955890257e+00,3.226411336669914220e+01,2.389428149271257684e+00
1.260965787181453379e+03,1.134161530580968247e-01,3.082142883617692064e+01,3.375716336543598572e+01,1.782288445718275716e+00,2.549999962286625177e+00,3.375716336543598572e+01,1.782288445718275716e+00,3.226469677015104054e+01,2.389415424257654408e+00
1.261079203334511476e+03,1.134161530580968247e-01,3.082195666238707332e+01,3.375777701468167180e+01,1.782260028330070245e+00,2.549999962229143602e+00,3.375777701468167180e+01,1.782260028330070245e+00,3.226528025120495613e+01,2.389402699455818624e+00
1.261192619487569573e+03,1.134161530580968247e-01,3.082248452213851309e+01,3.375839183640010077e+01,1.782231612784556996e+00,2.549999962171584311e+00,3.375839183640010077e+01,1.782231612784556996e+00,3.226586380970053369e+01,2.389389974865734789e+00
1.261306035640627670e+03,1.134161530580968247e-01,3.082301241542459280e+01,3.375900776863435482e+01,1.782203199075921951e+00,2.549999962113947305e+00,3.375900776863435482e+01,1.782203199075921951e+00,3.226644744548608656e+01,2.389377250487391802e+00
1.261419451793685766e+03,1.134161530580968247e-01,3.082354034223866890e+01,3.375962475757215486e+01,1.782174787199086508e+00,2.549999962056233471e+00,3.375962475757215486e+01,1.782174787199086508e+00,3.226703115841750247e+01,2.389364526320775006e+00
1.261574273699645573e+03,1.548219059598068270e-01,3.082426105767817859e+01,3.376046861699098400e+01,1.782136005717406491e+00,2.549999961977323260e+00,3.376046861699098400e+01,1.782136005717406491e+00,3.226782809643824379e+01,2.389347157181427317e+00
1.261729095605605380e+03,1.548219059598068270e-01,3.082498183556567284e+01,3.376131425505090533e+01,1.782097227631009861e+00,2.549999961898267831e+00,3.376131425505090533e+01,1.782097227631009861e+00,3.226862517762817362e+01,2.389329788436560520e+00
1.261883917511565187e+03,1.548219059598068270e-01,3.082570267588416968e+01,3.376216158270210599e+01,1.782058452931300163e+00,2.549999961819067185e+00,3.376216158270210599e+01,1.782058452931300163e+00,3.226942240167291232e+01,2.389312420086140865e+00
1.262038739417524994e+03,1.548219059598068270e-01,3.082642357861666227e+01,3.376301052173560180e+01,1.782019681610659712e+00,2.549999961739721321e+00,3.376301052173560180e+01,1.782019681610659712e+00,3.227021976827299454e+01,2.389295052130135488e+00
1.262193561323484801e+03,1.548219059598068270e-01,3.082714454374611535e+01,3.376386100294597270e+01,1.781980913662284616e+00,2.549999961660229353e+00,3.376386100294597270e+01,1.781980913662284616e+00,3.227101727714218526e+01,2.389277684568508864e+00
1.262402683751979339e+03,2.091224284945383260e-01,3.082811847124027693e+01,3.376501211243301981e+01,1.781928554015604460e+00,2.549999961552625205e+00,3.376501211243301981e+01,1.781928554015604460e+00,3.227209472083062991e+01,2.389254226326509745e+00
1.262611806180473877e+03,2.091224284945383260e-01,3.082909251250248772e+01,3.376616579013665387e+01,1.781876200496973928e+00,2.549999961444754604e+00,3.376616579013665387e+01,1.781876200496973928e+00,3.227317242293952404e+01,2.389230768803900951e+00
1.262820928608968416e+03,2.091224284945383260e-01,3.083006666749052727e+01,3.376732191895976598e+01,1.781823853094453014e+00,2.549999961336615772e+00,3.376732191895976598e+01,1.781823853094453014e+00,3.227425038285405634e+01,2.389207312000601657e+00
1.263030051037462954e+03,2.091224284945383260e-01,3.083104093616208630e+01,3.376848039479877883e+01,1.781771511797274998e+00,2.549999961228209155e+00,3.376848039479877883e+01,1.781771511797274998e+00,3.227532859998623849e+01,2.389183855916530153e+00
1.263239173465957492e+03,2.091224284945383260e-01,3.083201531847475607e+01,3.376964112446608368e+01,1.781719176595658816e+00,2.549999961119533864e+00,3.376964112446608368e+01,1.781719176595658816e+00,3.227640707377203455e+01,2.389160400551603392e+00
1.263511235247946843e+03,2.720617819893504929e-01,3.083328312961094397e+01,3.377115443376908388e+01,1.781651099233271696e+00,2.549999960977747282e+00,3.377115443376908388e+01,1.781651099233271696e+00,3.227781051791269817e+01,2.389129886926840918e+00
1.263783297029936193e+03,2.720617819893504929e-01,3.083455113292119520e+01,3.377267125158554251e+01,1.781583032154783641e+00,2.549999960835503732e+00,3.377267125158554251e+01,1.781583032154783641e+00,3.227921439438360807e+01,2.389099374518929064e+00
1.264055358811925544e+03,2.720617819893504929e-01,3.083581932831136285e+01,3.377419143146227754e+01,1.781514975343963192e+00,2.549999960692801437e+00,3.377419143146227754e+01,1.781514975343963192e+00,3.228061870208972550e+01,2.389068863327689751e+00
1.264327420593914894e+03,2.720617819893504929e-01,3.083708771568699447e+01,3.377571484177224903e+01,1.781446928785917372e+00,2.549999960549640399e+00,3.377571484177224903e+01,1.781446928785917372e+00,3.228202343997988066e+01,2.389038353352944011e+00
1.264599482375904245e+03,2.720617819893504929e-01,3.083835629495334274e+01,3.377724136351225326e+01,1.781378892466893848e+00,2.549999960406017951e+00,3.377724136351225326e+01,1.781378892466893848e+00,3.228342860704258044e+01,2.389007844594512875e+00
1.264943920142910656e+03,3.444377670064113772e-01,3.083996262661837662e+01,3.377917827748714075e+01,1.781292771265938990e+00,2.549999960223524820e+00,3.377917827748714075e+01,1.781292771265938990e+00,3.228520820164077065e+01,2.388969221404014132e+00
1.265288357909917067e+03,3.444377670064113772e-01,3.084156926550483035e+01,3.378111980791268110e+01,1.781206666431968344e+00,2.549999960040288283e+00,3.378111980791268110e+01,1.781206666431968344e+00,3.228698848066365912e+01,2.388930600162411100e+00
1.265632795676923479e+03,3.444377670064113772e-01,3.084317621141821419e+01,3.378306577682025846e+01,1.781120577942808092e+00,2.549999959856306120e+00,3.378306577682025846e+01,1.781120577942808092e+00,3.228876944228374413e+01,2.388891980869342735e+00
1.265977233443929890e+03,3.444377670064113772e-01,3.084478346416316441e+01,3.378501602278576854e+01,1.781034505777778998e+00,2.549999959671575223e+00,3.378501602278576854e+01,1.781034505777778998e+00,3.229055108474155844e+01,2.388853363524448437e+00
1.266321671210936302e+03,3.444377670064113772e-01,3.084639102354343621e+01,3.378697039864773188e+01,1.780948449917487908e+00,2.549999959486092926e+00,3.378697039864773188e+01,1.780948449917487908e+00,3.229233340633959415e+01,2.388814748127370713e+00
1.266747998398716845e+03,4.263271877805436816e-01,3.084838120145344931e+01,3.378939494248005104e+01,1.780841956993830300e+00,2.549999959255468962e+00,3.378939494248005104e+01,1.780841956993830300e+00,3.229454040957348582e+01,2.388766954690404010e+00
1.267174325586497389e+03,4.263271877805436816e-01,3.085037184845706193e+01,3.379182537495332639e+01,1.780735488988840709e+00,2.549999959023684593e+00,3.379182537495332639e+01,1.780735488988840709e+00,3.229674844775297515e+01,2.388719164236299264e+00
1.267600652774277933e+03,4.263271877805436816e-01,3.085236296417619073e+01,3.379426148493375592e+01,1.780629045871874538e+00,2.549999958790735821e+00,3.379426148493375592e+01,1.780629045871874538e+00,3.229895751798844117e+01,2.388671376764377907e+00
1.268026979962058476e+03,4.263271877805436816e-01,3.085435454823045731e+01,3.379670307942961927e+01,1.780522627613922770e+00,2.549999958556616875e+00,3.379670307942961927e+01,1.780522627613922770e+00,3.230116761749065546e+01,2.388623592273958707e+00
1.268453307149839020e+03,4.263271877805436816e-01,3.085634660023710651e+01,3.379914998126260173e+01,1.780416234187402580e+00,2.549999958321322868e+00,3.379914998126260173e+01,1.780416234187402580e+00,3.230337874356246175e+01,2.388575810764367091e+00
1.268983655511392726e+03,5.303483615537061269e-01,3.085882535307039021e+01,3.380220107457768108e+01,1.780283916047681325e+00,2.549999958026971214e+00,3.380220107457768108e+01,1.780283916047681325e+00,3.230613079950706634e+01,2.388516375024049676e+00
1.269514003872946432e+03,5.303483615537061269e-01,3.086130482872643910e+01,3.380525984127493899e+01,1.780151636246128044e+00,2.549999957730783695e+00,3.380525984127493899e+01,1.780151636246128044e+00,3.230888443519287989e+01,2.388456943894272211e+00
1.270044352234500138e+03,5.303483615537061269e-01,3.086378502645222355e+01,3.380832601805639115e+01,1.780019394736656047e+00,2.549999957432750097e+00,3.380832601805639115e+01,1.780019394736656047e+00,3.231163964593048377e+01,2.388397517373733070e+00
1.270574700596053844e+03,5.303483615537061269e-01,3.086626594548840430e+01,3.381139936336392537e+01,1.779887191475139741e+00,2.549999957132861095e+00,3.381139936336392537e+01,1.779887191475139741e+00,3.231439642718740402e+01,2.388338095461132404e+00
1.271105048957607551e+03,5.303483615537061269e-01,3.086874758506915484e+01,3.381447965468647254e+01,1.779755026419169273e+00,2.549999956831106473e+00,3.381447965468647254e+01,1.779755026419169273e+00,3.231715477457568397e+01,2.388278678155175250e+00
1.271635397319161257e+03,5.303483615537061269e-01,3.087122994442200152e+01,3.381756668617645545e+01,1.779622899527837365e+00,2.549999956527476019e+00,3.381756668617645545e+01,1.779622899527837365e+00,3.231991468384067190e+01,2.388219265454562201e+00
1.272411418489576590e+03,7.760211704153334722e-01,3.087486350043535310e+01,3.382209547283849105e+01,1.779429636307647389e+00,2.549999956079795016e+00,3.382209547283849105e+01,1.779429636307647389e+00,3.232395586961190759e+01,2.388132339357234013e+00
1.273187439659991924e+03,7.760211704153334722e-01,3.087849859337064728e+01,3.382663773393043272e+01,1.779236454595350736e+00,2.549999955628044823e+00,3.382663773393043272e+01,1.779236454595350736e+00,3.232800037809392535e+01,2.388045423113310139e+00
1.273963460830407257e+03,7.760211704153334722e-01,3.088213522072614481e+01,3.383119297030558670e+01,1.779043354275930522e+00,2.549999955172194799e+00,3.383119297030558670e+01,1.779043354275930522e+00,3.233204819725516188e+01,2.387958516718744928e+00
1.274739482000822591e+03,7.760211704153334722e-01,3.088577337996586536e+01,3.383576072679388602e+01,1.778850335238336910e+00,2.549999954712212080e+00,3.383576072679388602e+01,1.778850335238336910e+00,3.233609931549818128e+01,2.387871620169498943e+00
1.275515503171237924e+03,7.760211704153334722e-01,3.088941306851856083e+01,3.384034058632795450e+01,1.778657397374960203e+00,2.549999954248065137e+00,3.384034058632795450e+01,1.778657397374960203e+00,3.234015372162277657e+01,2.387784733461538522e+00
1.276291524341653258e+03,7.760211704153334722e-01,3.089305428377668505e+01,3.384493216486943368e+01,1.778464540581174314e+00,2.549999953779721107e+00,3.384493216486943368e+01,1.778464540581174314e+00,3.234421140479297918e+01,2.387697856590834000e+00
1.277245767011253292e+03,9.542426696000347874e-01,3.089753383176745771e+01,3.385059379155499215e+01,1.778227503162495893e+00,2.549999953198015312e+00,3.385059379155499215e+01,1.778227503162495893e+00,3.234920545488658661e+01,2.387591041004174297e+00
1.278200009680853327e+03,9.542426696000347874e-01,3.090201567923788772e+01,3.385627199496071427e+01,1.777990587987305471e+00,2.549999952609853349e+00,3.385627199496071427e+01,1.777990587987305471e+00,3.235420442534666563e+01,2.387484240278533232e+00
1.279154252350453362e+03,9.542426696000347874e-01,3.090649982110111438e+01,3.386196621793042283e+01,1.777753794875280846e+00,2.549999952015173932e+00,3.386196621793042283e+01,1.777753794875280846e+00,3.235920829793993647e+01,2.387377454406449218e+00
1.280108495020053397e+03,9.542426696000347874e-01,3.091098625217802010e+01,3.386767594784101476e+01,1.777517123650149244e+00,2.549999951413914889e+00,3.386767594784101476e+01,1.777517123650149244e+00,3.236421705503169477e+01,2.387270683380473546e+00
1.281062737689653432e+03,9.542426696000347874e-01,3.091547496719492827e+01,3.387340071110804729e+01,1.777280574139198821e+00,2.549999950806014049e+00,3.387340071110804729e+01,1.777280574139198821e+00,3.236923067953915023e+01,2.387163927193169055e+00
1.282016980359253466e+03,9.542426696000347874e-01,3.091996596078149651e+01,3.387914006850405002e+01,1.777044146172860772e+00,2.549999950191407905e+00,3.387914006850405002e+01,1.777044146172860772e+00,3.237424915488972488e+01,2.387057185837105688e+00
1.283188769043332741e+03,1.171788684079274390e+00,3.092548390951276716e+01,3.388620723615845520e+01,1.776753983933238468e+00,2.549999949427419921e+00,3.388620723615845520e+01,1.776753983933238468e+00,3.238041834259599483e+01,2.386926130113591782e+00
1.284360557727412015e+03,1.171788684079274390e+00,3.093100527557764323e+01,3.389329509513384409e+01,1.776464004419318066e+00,2.549999948653106863e+00,3.389329509513384409e+01,1.776464004419318066e+00,3.238659479187676737e+01,2.386795096729640520e+00
1.285532346411491289e+03,1.171788684079274390e+00,3.093653004840817999e+01,3.390040299877997398e+01,1.776174207332494426e+00,2.549999947868349714e+00,3.390040299877997398e+01,1.776174207332494426e+00,3.239277847475040772e+01,2.386664085671559743e+00
1.286704135095570564e+03,1.171788684079274390e+00,3.094205821719901905e+01,3.390753034862959225e+01,1.775884592378664362e+00,2.549999947073028128e+00,3.390753034862959225e+01,1.775884592378664362e+00,3.239896936409063954e+01,2.386533096925678610e+00
1.287875923779649838e+03,1.171788684079274390e+00,3.094758977090371488e+01,3.391467658890388037e+01,1.775595159267744139e+00,2.549999946267019091e+00,3.391467658890388037e+01,1.775595159267744139e+00,3.240516743356419482e+01,2.386402130478351147e+00
1.289047712463729113e+03,1.171788684079274390e+00,3.095312469823156576e+01,3.392184120179021534e+01,1.775305907713257136e+00,2.549999945450200478e+00,3.392184120179021534e+01,1.775305907713257136e+00,3.241137265757483732e+01,2.386271186315948700e+00
1.290477880215523555e+03,1.430167751794442665e+00,3.095988463010024461e+01,3.393060980455778974e+01,1.774953121882285600e+00,2.549999944438445354e+00,3.393060980455778974e+01,1.774953121882285600e+00,3.241895579033832320e+01,2.386111399181023884e+00
1.291908047967317998e+03,1.430167751794442665e+00,3.096664954870298914e+01,3.393940423826967390e+01,1.774600605570651357e+00,2.549999943410174108e+00,3.393940423826967390e+01,1.774600605570651357e+00,3.242654949957859145e+01,2.385951645197202708e+00
1.293338215719112441e+03,1.430167751794442665e+00,3.097341943200421355e+01,3.394822374450441060e+01,1.774248358275281712e+00,2.549999942365157146e+00,3.394822374450441060e+01,1.774248358275281712e+00,3.243415374261933692e+01,2.385791924339839554e+00
1.294768383470906883e+03,1.430167751794442665e+00,3.098019425741021848e+01,3.395706761836991916e+01,1.773896379498448361e+00,2.549999941303160877e+00,3.395706761836991916e+01,1.773896379498448361e+00,3.244176847801102781e+01,2.385632236584332766e+00
1.296198551222701326e+03,1.430167751794442665e+00,3.098697400176965289e+01,3.396593520276502431e+01,1.773544668747274455e+00,2.549999940223949046e+00,3.396593520276502431e+01,1.773544668747274455e+00,3.244939366544615922e+01,2.385472581906128653e+00
1.297628718974495769e+03,1.430167751794442665e+00,3.099375864137638814e+01,3.397482588338648668e+01,1.773193225533310269e+00,2.549999939127282733e+00,3.397482588338648668e+01,1.773193225533310269e+00,3.245702926568268509e+01,2.385312960280715266e+00
1.299352176529889903e+03,1.723457555394134033e+00,3.100194110172727591e+01,3.398556968077448204e+01,1.772770065329258404e+00,2.549999937782186699e+00,3.398556968077448204e+01,1.772770065329258404e+00,3.246624450739874135e+01,2.385120648337213822e+00
1.301075634085284037e+03,1.723457555394134033e+00,3.101013059222953672e+01,3.399634524346893016e+01,1.772347292099757610e+00,2.549999936410965784e+00,3.399634524346893016e+01,1.772347292099757610e+00,3.247547474998984995e+01,2.384928384314807026e+00
1.302799091640678171e+03,1.723457555394134033e+00,3.101832706828881214e+01,3.400715169605039279e+01,1.771924905011581286e+00,2.549999935013186558e+00,3.400715169605039279e+01,1.771924905011581286e+00,3.248471993015412096e+01,2.384736168170856541e+00
1.304522549196072305e+03,1.723457555394134033e+00,3.102653048424721405e+01,3.401798822185372018e+01,1.771502903238193261e+00,2.549999933588409373e+00,3.401798822185372018e+01,1.771502903238193261e+00,3.249397998629906681e+01,2.384543999862817731e+00
1.306246006751466439e+03,1.723457555394134033e+00,3.103474079343929048e+01,3.402885405699159094e+01,1.771081285959252849e+00,2.549999932136189695e+00,3.402885405699159094e+01,1.771081285959252849e+00,3.250325485842922291e+01,2.384351879348233449e+00
1.307969464306860573e+03,1.723457555394134033e+00,3.104295794826079558e+01,3.403974848511688833e+01,1.770660052360186087e+00,2.549999930656076774e+00,3.403974848511688833e+01,1.770660052360186087e+00,3.251254448804400710e+01,2.384159806584738917e+00
1.310020111302421356e+03,2.050646995560782671e+00,3.105274393834891455e+01,3.405274748426748488e+01,1.770159348489227069e+00,2.549999928857998199e+00,3.405274748426748488e+01,1.770159348489227069e+00,3.252361685232113331e+01,2.383931331958494493e+00
1.312070758297982138e+03,2.050646995560782671e+00,3.106253946834443980e+01,3.406578494946193558e+01,1.769659185306556637e+00,2.549999927019000800e+00,3.406578494946193558e+01,1.769659185306556637e+00,3.253470993469380801e+01,2.383702924804034673e+00
1.314121405293542921e+03,2.050646995560782671e+00,3.107234445396808198e+01,3.407885988832560997e+01,1.769159561467967379e+00,2.549999925138291434e+00,3.407885988832560997e+01,1.769159561467967379e+00,3.254582364387154314e+01,2.383474585050486372e+00
1.316172052289103704e+03,2.050646995560782671e+00,3.108215880997659042e+01,3.409197137185957160e+01,1.768660475638227814e+00,2.549999923215063191e+00,3.409197137185957160e+01,1.768660475638227814e+00,3.255695789087349823e+01,2.383246312627153696e+00
1.318222699284664486e+03,2.050646995560782671e+00,3.109198245049062592e+01,3.410511852830556023e+01,1.768161926490596336e+00,2.549999921248497614e+00,3.410511852830556023e+01,1.768161926490596336e+00,3.256811258888362914e+01,2.383018107463514834e+00
1.320000000000000000e+03,1.777300715335513814e+00,3.110050406748766960e+01,3.411654142271629553e+01,1.767730265860319783e+00,2.549999919508370461e+00,3.411654142271629553e+01,1.767730265860319783e+00,3.257779687065783492e+01,2.382820375850263961e+00
1.320000028805091461e+03,2.880509146052645519e-05,3.110050420565502094e+01,3.411654160804091873e+01,1.767730258867561854e+00,2.549999919508342039e+00,3.411654160804091873e+01,1.767730258867561854e+00,3.257779702773674302e+01,2.382820372645993778e+00
1.320000057610182921e+03,2.880509146052645519e-05,3.110050434382237583e+01,3.411654179335453563e+01,1.767730251874807479e+00,2.549999919508313617e+00,3.411654179335453563e+01,1.767730251874807479e+00,3.257779718481563691e+01,2.382820369441724040e+00
1.320000345661097526e+03,2.880509146052645519e-04,3.110050572549608461e+01,3.411654364609876922e+01,1.767730181947425594e+00,2.549999919508028512e+00,3.411654364609876922e+01,1.767730181947425594e+00,3.257779875560456873e+01,2.382820337399028876e+00
1.320000633712012132e+03,2.880509146052645519e-04,3.110050710716996747e+01,3.411654549854230822e+01,1.767730112020166278e+00,2.549999919507743851e+00,3.411654549854230822e+01,1.767730112020166278e+00,3.257780032639346501e+01,2.382820305356335489e+00
1.320003514221158184e+03,2.880509146052645519e-03,3.110052092392425749e+01,3.411656401098247926e+01,1.767729412752772733e+00,2.549999919504896351e+00,3.411656401098247926e+01,1.767729412752772733e+00,3.257781603427856254e+01,2.382819984929513968e+00
1.320006394730304237e+03,2.880509146052645519e-03,3.110053474069615120e+01,3.411658251408183418e+01,1.767728713489733483e+00,2.549999919502048851e+00,3.411658251408183418e+01,1.767728713489733483e+00,3.257783174215929733e+01,2.382819664502824342e+00
1.320013874736923071e+03,7.480006618834522669e-03,3.110057061968717562e+01,3.411663053463040285e+01,1.767726897681884735e+00,2.549999919494653877e+00,3.411663053463040285e+01,1.767726897681884735e+00,3.257787253182281262e+01,2.382818832430432465e+00
1.320021354743541906e+03,7.480006618834522669e-03,3.110060649879499550e+01,3.411667851974762300e+01,1.767725081893513073e+00,2.549999919487258460e+00,3.411667851974762300e+01,1.767725081893513073e+00,3.257791332145790619e+01,2.382818000358915889e+00
1.320028834750160740e+03,7.480006618834522669e-03,3.110064237802286868e+01,3.411672647663127833e+01,1.767723266122276593e+00,2.549999919479862154e+00,3.411672647663127833e+01,1.767723266122276593e+00,3.257795411106400252e+01,2.382817168288298593e+00
1.320042576592972182e+03,1.374184281144152919e-02,3.110070829361490752e+01,3.411681451871098147e+01,1.767719930331169476e+00,2.549999919466273024e+00,3.411681451871098147e+01,1.767719930331169476e+00,3.257802904733352278e+01,2.382815639657837714e+00
1.320056318435783623e+03,1.374184281144152919e-02,3.110077420961750150e+01,3.411690249547409337e+01,1.767716594587678713e+00,2.549999919452681674e+00,3.411690249547409337e+01,1.767716594587678713e+00,3.257810398350587633e+01,2.382814111030453486e+00
1.320070060278595065e+03,1.374184281144152919e-02,3.110084012603034154e+01,3.411699041561936241e+01,1.767713258888732542e+00,2.549999919439088103e+00,3.411699041561936241e+01,1.767713258888732542e+00,3.257817891958211476e+01,2.382812582406145907e+00
1.320083802121406507e+03,1.374184281144152919e-02,3.110090604285274196e+01,3.411707828479490701e+01,1.767709923232306801e+00,2.549999919425492756e+00,3.411707828479490701e+01,1.767709923232306801e+00,3.257825385556327547e+01,2.382811053784907429e+00
1.320107053044425584e+03,2.325092301907716319e-02,3.110101757372958176e+01,3.411722685347089623e+01,1.767704279461048911e+00,2.549999919402484938e+00,3.411722685347089623e+01,1.767704279461048911e+00,3.257838064552930746e+01,2.382808467395358232e+00
1.320130303967444661e+03,2.325092301907716319e-02,3.110112910577844048e+01,3.411737530574620081e+01,1.767698635801129070e+00,2.549999919379471791e+00,3.411737530574620081e+01,1.767698635801129070e+00,3.257850743522880776e+01,2.382805881014596228e+00
1.320153554890463738e+03,2.325092301907716319e-02,3.110124063899942826e+01,3.411752365337709847e+01,1.767692992248430350e+00,2.549999919356452427e+00,3.411752365337709847e+01,1.767692992248430350e+00,3.257863422466473935e+01,2.382803294642623637e+00
1.320176805813482815e+03,2.325092301907716319e-02,3.110135217339254865e+01,3.411767190479038447e+01,1.767687348799998670e+00,2.549999919333427290e+00,3.411767190479038447e+01,1.767687348799998670e+00,3.257876101383980227e+01,2.382800708279441348e+00
1.320216338565838669e+03,3.953275235585351766e-02,3.110154181421202679e+01,3.411792376870641874e+01,1.767677753669913532e+00,2.549999919294265283e+00,3.411792376870641874e+01,1.767677753669913532e+00,3.257897658856314393e+01,2.382796310794405237e+00
1.320255871318194522e+03,3.953275235585351766e-02,3.110173145841899611e+01,3.411817540065227661e+01,1.767668158825014046e+00,2.549999919255086400e+00,3.411817540065227661e+01,1.767668158825014046e+00,3.257919216255090333e+01,2.382791913334780798e+00
1.320295404070550376e+03,3.953275235585351766e-02,3.110192110601278870e+01,3.411842682110255254e+01,1.767658564258095755e+00,2.549999919215891087e+00,3.411842682110255254e+01,1.767658564258095755e+00,3.257940773581343308e+01,2.382787515900565367e+00
1.320334936822906229e+03,3.953275235585351766e-02,3.110211075699277217e+01,3.411867804563559048e+01,1.767648969963675931e+00,2.549999919176678898e+00,3.411867804563559048e+01,1.767648969963675931e+00,3.257962330836014075e+01,2.382783118491756724e+00
1.320392742258500675e+03,5.780543559444595303e-02,3.110238807384481774e+01,3.411904506288097139e+01,1.767634941511439184e+00,2.549999919119311897e+00,3.411904506288097139e+01,1.767634941511439184e+00,3.257993852078498520e+01,2.382776688574578472e+00
1.320450547694095121e+03,5.780543559444595303e-02,3.110266539793358120e+01,3.411941172114093490e+01,1.767620913620731482e+00,2.549999919061909370e+00,3.411941172114093490e+01,1.767620913620731482e+00,3.258025373172336003e+01,2.382770258711722100e+00
1.320508353129689567e+03,5.780543559444595303e-02,3.110294272925714054e+01,3.411977804691833427e+01,1.767606886282210299e+00,2.549999919004470872e+00,3.411977804691833427e+01,1.767606886282210299e+00,3.258056894119877001e+01,2.382763828903183612e+00
1.320566158565284013e+03,5.780543559444595303e-02,3.110322006781357018e+01,3.412014406159188695e+01,1.767592859488333001e+00,2.549999918946996846e+00,3.412014406159188695e+01,1.767592859488333001e+00,3.258088414923298615e+01,2.382757399148964339e+00
1.320650314036184000e+03,8.415547089998653973e-02,3.110362384133008362e+01,3.412067640129189527e+01,1.767572439679954588e+00,2.549999918863259385e+00,3.412067640129189527e+01,1.767572439679954588e+00,3.258134303919334229e+01,2.382748038552060521e+00
1.320734469507083986e+03,8.415547089998653973e-02,3.110402763016644201e+01,3.412120816578801907e+01,1.767552020996187911e+00,2.549999918779445540e+00,3.412120816578801907e+01,1.767552020996187911e+00,3.258180192620114468e+01,2.382738678070271732e+00
1.320818624977983973e+03,8.415547089998653973e-02,3.110443143431671231e+01,3.412173939321098715e+01,1.767531603423533104e+00,2.549999918695555756e+00,3.412173939321098715e+01,1.767531603423533104e+00,3.258226081031107668e+01,2.382729317703589533e+00
1.320902780448883959e+03,8.415547089998653973e-02,3.110483525377496505e+01,3.412227011607479454e+01,1.767511186950461832e+00,2.549999918611590033e+00,3.412227011607479454e+01,1.767511186950461832e+00,3.258271969157447501e+01,2.382719957452010373e+00
1.320986935919783946e+03,8.415547089998653973e-02,3.110523908853527431e+01,3.412280036221157786e+01,1.767490771567090002e+00,2.549999918527547926e+00,3.412280036221157786e+01,1.767490771567090002e+00,3.258317857003977736e+01,2.382710597315526702e+00
1.321120293167821728e+03,1.333572480377824832e-01,3.110587905795940245e+01,3.412363970025412385e+01,1.767458422472585111e+00,2.549999918394214138e+00,3.412363970025412385e+01,1.767458422472585111e+00,3.258390572771384086e+01,2.382695764979675168e+00
1.321253650415859511e+03,1.333572480377824832e-01,3.110651906577045978e+01,3.412447798156519241e+01,1.767426076064437579e+00,2.549999918260688059e+00,3.412447798156519241e+01,1.767426076064437579e+00,3.258463287864741176e+01,2.382680932932807139e+00
1.321387007663897293e+03,1.333572480377824832e-01,3.110715911194487759e+01,3.412531527350725469e+01,1.767393732318553345e+00,2.549999918126970133e+00,3.412531527350725469e+01,1.767393732318553345e+00,3.258536002300007794e+01,2.382666101174899076e+00
1.321520364911935076e+03,1.333572480377824832e-01,3.110779919645910496e+01,3.412615163397597229e+01,1.767361391214163691e+00,2.549999917993059917e+00,3.412615163397597229e+01,1.767361391214163691e+00,3.258608716092186341e+01,2.382651269705928776e+00
1.321653722159972858e+03,1.333572480377824832e-01,3.110843931928959805e+01,3.412698711316042477e+01,1.767329052733206174e+00,2.549999917858957410e+00,3.412698711316042477e+01,1.767329052733206174e+00,3.258681429255453565e+01,2.382636438525873590e+00
1.321836292253901547e+03,1.825700939286889479e-01,3.110931572883955809e+01,3.412812955929111780e+01,1.767284784603310621e+00,2.549999917675053851e+00,3.412812955929111780e+01,1.767284784603310621e+00,3.258780974773137018e+01,2.382616134661621032e+00
1.322018862347830236e+03,1.825700939286889479e-01,3.111019221009910751e+01,3.412927053206455241e+01,1.767240521325784464e+00,2.549999917490788359e+00,3.412927053206455241e+01,1.767240521325784464e+00,3.258880519169741063e+01,2.382595831338767400e+00
1.322201432441758925e+03,1.825700939286889479e-01,3.111106876300796031e+01,3.413041011473814024e+01,1.767196262870272427e+00,2.549999917306160491e+00,3.413041011473814024e+01,1.767196262870272427e+00,3.258980062475870909e+01,2.382575528557255407e+00
1.322384002535687614e+03,1.825700939286889479e-01,3.111194538750588379e+01,3.413154838031113769e+01,1.767152009210022801e+00,2.549999917121169357e+00,3.413154838031113769e+01,1.767152009210022801e+00,3.259079604720482592e+01,2.382555226317030428e+00
1.322566572629616303e+03,1.825700939286889479e-01,3.111282208353270207e+01,3.413268539327132345e+01,1.767107760321275478e+00,2.549999916935814515e+00,3.413268539327132345e+01,1.767107760321275478e+00,3.259179145931079802e+01,2.382534924618034289e+00
1.322813966296376748e+03,2.473936667604448303e-01,3.111401017440670813e+01,3.413422421833101339e+01,1.767047807940964832e+00,2.549999916684065671e+00,3.413422421833101339e+01,1.767047807940964832e+00,3.259314028768894644e+01,2.382507415435132447e+00
1.323061359963137193e+03,2.473936667604448303e-01,3.111519839636161677e+01,3.413576097327813130e+01,1.766987864236494676e+00,2.549999916431645808e+00,3.413576097327813130e+01,1.766987864236494676e+00,3.259448909817860596e+01,2.382479907245791395e+00
1.323308753629897637e+03,2.473936667604448303e-01,3.111638674924819625e+01,3.413729576763157070e+01,1.766927929166648203e+00,2.549999916178554482e+00,3.413729576763157070e+01,1.766927929166648203e+00,3.259583789136369347e+01,2.382452400049875685e+00
1.323556147296658082e+03,2.473936667604448303e-01,3.111757523291744576e+01,3.413882869857594216e+01,1.766868002694544248e+00,2.549999915924789029e+00,3.413882869857594216e+01,1.766868002694544248e+00,3.259718666779855312e+01,2.382424893847248981e+00
1.323803540963418527e+03,2.473936667604448303e-01,3.111876384722058120e+01,3.414035985294656683e+01,1.766808084786942512e+00,2.549999915670348560e+00,3.414035985294656683e+01,1.766808084786942512e+00,3.259853542801108262e+01,2.382397388637774505e+00
1.324126160787762501e+03,3.226198243439739599e-01,3.112031408508487829e+01,3.414235405193542761e+01,1.766729960176158132e+00,2.549999915337522349e+00,3.414235405193542761e+01,1.766729960176158132e+00,3.260029428855481370e+01,2.382361521281525896e+00
1.324448780612106475e+03,3.226198243439739599e-01,3.112186454452517381e+01,3.414434551578876409e+01,1.766651850019053338e+00,2.549999915003541506e+00,3.414434551578876409e+01,1.766651850019053338e+00,3.260205312342900896e+01,2.382325655613714233e+00
1.324771400436450449e+03,3.226198243439739599e-01,3.112341522521341020e+01,3.414633438108119634e+01,1.766573754261616225e+00,2.549999914668403367e+00,3.414633438108119634e+01,1.766573754261616225e+00,3.260381193364155905e+01,2.382289791634041531e+00
1.325094020260794423e+03,3.226198243439739599e-01,3.112496612682230790e+01,3.414832077029900859e+01,1.766495672854797361e+00,2.549999914332103934e+00,3.414832077029900859e+01,1.766495672854797361e+00,3.260557072015188851e+01,2.382253929342210697e+00
1.325416640085138397e+03,3.226198243439739599e-01,3.112651724902541872e+01,3.415030479394800267e+01,1.766417605753768383e+00,2.549999913994639655e+00,3.415030479394800267e+01,1.766417605753768383e+00,3.260732948387565244e+01,2.382218068737928185e+00
1.325825875098355255e+03,4.092350132168576238e-01,3.112848512482191410e+01,3.415281823011733309e+01,1.766318600146731921e+00,2.549999913564894971e+00,3.415281823011733309e+01,1.766318600146731921e+00,3.260956039935716433e+01,2.382172582904132252e+00
1.326235110111572112e+03,4.092350132168576238e-01,3.113045335437432115e+01,3.415532820467309705e+01,1.766219617415177412e+00,2.549999913133262908e+00,3.415532820467309705e+01,1.766219617415177412e+00,3.261179128128533478e+01,2.382127099784570046e+00
1.326644345124788970e+03,4.092350132168576238e-01,3.113242193702265936e+01,3.415783488262724887e+01,1.766120657488962520e+00,2.549999912699737692e+00,3.415783488262724887e+01,1.766120657488962520e+00,3.261402213128041438e+01,2.382081619378645154e+00
1.327053580138005827e+03,4.092350132168576238e-01,3.113439087210952039e+01,3.416033841327232778e+01,1.766021720303498466e+00,2.549999912264312218e+00,3.416033841327232778e+01,1.766021720303498466e+00,3.261625295088789755e+01,2.382036141685758057e+00
1.327462815151222685e+03,4.092350132168576238e-01,3.113636015898020304e+01,3.416283893236719393e+01,1.765922805798982642e+00,2.549999911826978938e+00,3.416283893236719393e+01,1.765922805798982642e+00,3.261848374158523001e+01,2.381990666705316340e+00
1.327970139636044905e+03,5.073244848222202563e-01,3.113880195128080075e+01,3.416593480475704325e+01,1.765800213897414039e+00,2.549999911282162746e+00,3.416593480475704325e+01,1.765800213897414039e+00,3.262124919211262863e+01,2.381934295599138274e+00
1.328477464120867126e+03,5.073244848222202563e-01,3.114124428197639460e+01,3.416902645331327193e+01,1.765677656669047302e+00,2.549999910734390252e+00,3.416902645331327193e+01,1.765677656669047302e+00,3.262401460295655653e+01,2.381877928659490440e+00
1.328984788605689346e+03,5.073244848222202563e-01,3.114368714983864095e+01,3.417211407204911922e+01,1.765555134022848582e+00,2.549999910183647689e+00,3.417211407204911922e+01,1.765555134022848582e+00,3.262677997657043960e+01,2.381821565885247516e+00
1.329492113090511566e+03,5.073244848222202563e-01,3.114613055364688066e+01,3.417519783776710796e+01,1.765432645873899808e+00,2.549999909629921291e+00,3.417519783776710796e+01,1.765432645873899808e+00,3.262954531529810254e+01,2.381765207275288621e+00
1.329999437575333786e+03,5.073244848222202563e-01,3.114857449218847307e+01,3.417827791228981482e+01,1.765310192142613532e+00,2.549999909073198179e+00,3.417827791228981482e+01,1.765310192142613532e+00,3.263231062138314087e+01,2.381708852828495093e+00
1.330630231972121010e+03,6.307943967872233770e-01,3.115161396734922405e+01,3.418210267366961119e+01,1.765157984168085781e+00,2.549999908376780589e+00,3.418210267366961119e+01,1.765157984168085781e+00,3.263574889053995776e+01,2.381638788943299723e+00
1.331261026368908233e+03,6.307943967872233770e-01,3.115465426504001911e+01,3.418592221853807445e+01,1.765005829151973016e+00,2.549999907675681410e+00,3.418592221853807445e+01,1.765005829151973016e+00,3.263918711650459414e+01,2.381568731490411039e+00
1.331891820765695456e+03,6.307943967872233770e-01,3.115769538298659214e+01,3.418973678461139798e+01,1.764853726967483549e+00,2.549999906969873553e+00,3.418973678461139798e+01,1.764853726967483549e+00,3.264262530304682741e+01,2.381498680467692530e+00
1.332522615162482680e+03,6.307943967872233770e-01,3.116073731893745702e+01,3.419354658918268086e+01,1.764701677495152721e+00,2.549999906259329929e+00,3.419354658918268086e+01,1.764701677495152721e+00,3.264606345376826368e+01,2.381428635873015676e+00
1.333153409559269903e+03,6.307943967872233770e-01,3.116378007066486333e+01,3.419735183167964720e+01,1.764549680621941175e+00,2.549999905544023449e+00,3.419735183167964720e+01,1.764549680621941175e+00,3.264950157211607973e+01,2.381358597704250180e+00
1.333784203956057127e+03,6.307943967872233770e-01,3.116682363596574845e+01,3.420115269592720608e+01,1.764397736240436609e+00,2.549999904823927022e+00,3.420115269592720608e+01,1.764397736240436609e+00,3.265293966139563508e+01,2.381288565959279957e+00
1.334708527929246884e+03,9.243239731897574529e-01,3.117128493824781899e+01,3.420671467203433025e+01,1.764175181694797478e+00,2.549999903760036712e+00,3.420671467203433025e+01,1.764175181694797478e+00,3.265797756185646961e+01,2.381185957716858148e+00
1.335632851902436641e+03,9.243239731897574529e-01,3.117574797601884384e+01,3.421226809917121869e+01,1.763952739334697206e+00,2.549999902685716524e+00,3.421226809917121869e+01,1.763952739334697206e+00,3.266301541621950832e+01,2.381083363256422558e+00
1.336557175875626399e+03,9.243239731897574529e-01,3.118021274265997889e+01,3.421781341910375573e+01,1.763730408871796884e+00,2.549999901600878971e+00,3.421781341910375573e+01,1.763730408871796884e+00,3.266805323350840240e+01,2.380980782571346488e+00
1.337481499848816156e+03,9.243239731897574529e-01,3.118467923168653400e+01,3.422335103252987665e+01,1.763508190032798684e+00,2.549999900505437012e+00,3.422335103252987665e+01,1.763508190032798684e+00,3.267309102229031481e+01,2.380878215655018781e+00
1.338405823822005914e+03,9.243239731897574529e-01,3.118914743675354728e+01,3.422888130465621259e+01,1.763286082557473433e+00,2.549999899399301828e+00,3.422888130465621259e+01,1.763286082557473433e+00,3.267812879071691867e+01,2.380775662500842049e+00
1.339330147795195671e+03,9.243239731897574529e-01,3.119361735166114258e+01,3.423440457001150605e+01,1.763064086196953095e+00,2.549999898282385047e+00,3.423440457001150605e+01,1.763064086196953095e+00,3.268316654656092624e+01,2.380673123102237110e+00
1.340468032455901948e+03,1.137884660706276918e+00,3.119912235841168879e+01,3.424119479060956195e+01,1.762790950862925810e+00,2.549999896892471973e+00,3.424119479060956195e+01,1.762790950862925810e+00,3.268936824576890388e+01,2.380546911340229776e+00
1.341605917116608225e+03,1.137884660706276918e+00,3.120462993625817205e+01,3.424797538300546051e+01,1.762517983131436150e+00,2.549999895485915768e+00,3.424797538300546051e+01,1.762517983131436150e+00,3.269556995033184421e+01,2.380420720402241397e+00
1.342743801777314502e+03,1.137884660706276918e+00,3.121014007460751927e+01,3.425474682582429864e+01,1.762245182592765191e+00,2.549999894062547678e+00,3.425474682582429864e+01,1.762245182592765191e+00,3.270177167277334718e+01,2.380294550276081278e+00
1.343881686438020779e+03,1.137884660706276918e+00,3.121565276324814775e+01,3.426150955663332809e+01,1.761972548852829501e+00,2.549999892622196729e+00,3.426150955663332809e+01,1.761972548852829501e+00,3.270797342500573279e+01,2.380168400949589369e+00
1.345019571098727056e+03,1.137884660706276918e+00,3.122116799236134455e+01,3.426826397713603001e+01,1.761700081531323736e+00,2.549999891164690613e+00,3.426826397713603001e+01,1.761700081531323736e+00,3.271417521838123577e+01,2.380042272410632265e+00
1.346157455759433333e+03,1.137884660706276918e+00,3.122668575253178602e+01,3.427501045759014886e+01,1.761427780260138576e+00,2.549999889689856136e+00,3.427501045759014886e+01,1.761427780260138576e+00,3.272037706373762944e+01,2.379916164647101873e+00
1.347556042256739147e+03,1.398586497305814191e+00,3.123347114606935193e+01,3.428329225608160868e+01,1.761093318734340940e+00,2.549999887853124036e+00,3.428329225608160868e+01,1.761093318734340940e+00,3.272799990623214228e+01,2.379761192656663304e+00
1.348954628754044961e+03,1.398586497305814191e+00,3.124026033389619883e+01,3.429156316011916772e+01,1.760759106880872782e+00,2.549999885989621351e+00,3.429156316011916772e+01,1.760759106880872782e+00,3.273562286122108134e+01,2.379606252011326362e+00
1.350353215251350775e+03,1.398586497305814191e+00,3.124705330115617841e+01,3.429982370529452140e+01,1.760425144076348980e+00,2.549999884099016345e+00,3.429982370529452140e+01,1.760425144076348980e+00,3.274324594612670580e+01,2.379451342688771565e+00
1.351751801748656590e+03,1.398586497305814191e+00,3.125385003399655659e+01,3.430807438362472794e+01,1.760091429715050060e+00,2.549999882180975508e+00,3.430807438362472794e+01,1.760091429715050060e+00,3.275086917752878435e+01,2.379296464666732280e+00
1.353150388245962404e+03,1.398586497305814191e+00,3.126065051958385155e+01,3.431631564869771012e+01,1.759757963207051690e+00,2.549999880235160443e+00,3.431631564869771012e+01,1.759757963207051690e+00,3.275849257123162062e+01,2.379141617922996943e+00
1.354548974743268218e+03,1.398586497305814191e+00,3.126745474611672648e+01,3.432454792008326194e+01,1.759424743976614858e+00,2.549999878261230091e+00,3.432454792008326194e+01,1.759424743976614858e+00,3.276611614232415803e+01,2.378986802435407721e+00
1.356257380441815485e+03,1.708405698547267093e+00,3.127577132613042465e+01,3.433459219163650999e+01,1.759018043685094179e+00,2.549999875811379990e+00,3.433459219163650999e+01,1.759018043685094179e+00,3.277542877208928473e+01,2.378797734119550977e+00
1.357965786140362752e+03,1.708405698547267093e+00,3.128409345460039859e+01,3.434462427766153070e+01,1.758611710519266014e+00,2.549999873318429255e+00,3.434462427766153070e+01,1.758611710519266014e+00,3.278474171308648266e+01,2.378608712368391220e+00
1.359674191838910019e+03,1.708405698547267093e+00,3.129242111638017221e+01,3.435464477999102684e+01,1.758205743499836826e+00,2.549999870781736622e+00,3.435464477999102684e+01,1.758205743499836826e+00,3.279405498911683026e+01,2.378419737141840518e+00
1.361382597537457286e+03,1.708405698547267093e+00,3.130075429865974002e+01,3.436465425328761114e+01,1.757800141668550031e+00,2.549999868200651942e+00,3.436465425328761114e+01,1.757800141668550031e+00,3.280336862282327104e+01,2.378230808399919294e+00
1.363091003236004553e+03,1.708405698547267093e+00,3.130909299094910736e+01,3.437465321033796783e+01,1.757394904086207132e+00,2.549999865574517077e+00,3.437465321033796783e+01,1.757394904086207132e+00,3.281268263577955224e+01,2.378041926102748338e+00
1.364799408934551820e+03,1.708405698547267093e+00,3.131743718504971596e+01,3.438464212664409558e+01,1.756990029830941547e+00,2.549999862902667225e+00,3.438464212664409558e+01,1.756990029830941547e+00,3.282199704857021771e+01,2.377853090210554132e+00
1.366860511159404041e+03,2.061102224852220388e+00,3.132751133382425479e+01,3.439668049488739854e+01,1.756502052487424415e+00,2.549999859617414266e+00,3.439668049488739854e+01,1.756502052487424415e+00,3.283323496108358341e+01,2.377625331279527909e+00
1.368921613384256261e+03,2.061102224852220388e+00,3.133759347582918053e+01,3.440870560918785515e+01,1.756014601091530514e+00,2.549999856263442943e+00,3.440870560918785515e+01,1.756014601091530514e+00,3.284447351702864637e+01,2.377397639764470938e+00
1.370982715609108482e+03,2.061102224852220388e+00,3.134768360933302134e+01,3.442071813195596519e+01,1.755527674108403602e+00,2.549999852839538672e+00,3.442071813195596519e+01,1.755527674108403602e+00,3.285571274762850891e+01,2.377170015596107078e+00
1.373043817833960702e+03,2.061102224852220388e+00,3.135778173686275139e+01,3.443271867541951536e+01,1.755041270028885325e+00,2.549999849344468661e+00,3.443271867541951536e+01,1.755041270028885325e+00,3.286695268256631408e+01,2.376942458705360028e+00
1.375104920058812922e+03,2.061102224852220388e+00,3.136788786495306525e+01,3.444470780702979340e+01,1.754555387367405350e+00,2.549999845776983687e+00,3.444470780702979340e+01,1.754555387367405350e+00,3.287819335009973543e+01,2.376714969023351554e+00
1.377166022283665143e+03,2.061102224852220388e+00,3.137800200386460858e+01,3.445668605417902342e+01,1.754070024660127736e+00,2.549999842135816319e+00,3.445668605417902342e+01,1.754070024660127736e+00,3.288943477716428987e+01,2.376487546481398816e+00
1.379623063662715595e+03,2.457041379050451724e+00,3.139006956199125753e+01,3.447095179002813836e+01,1.753492100810690291e+00,2.549999837697117577e+00,3.447095179002813836e+01,1.753492100810690291e+00,3.290283671815923583e+01,2.376216523542950654e+00
1.380000000000000000e+03,3.769363372844054538e-01,3.139192186471782264e+01,3.447313904902756576e+01,1.753403506170318149e+00,2.549999837006608594e+00,3.447313904902756576e+01,1.753403506170318149e+00,3.290489282014308969e+01,2.376174954160832797e+00
1.380000028809978630e+03,2.880997863030643202e-05,3.139192200630321494e+01,3.447313921618987109e+01,1.753403499399511789e+00,2.549999837006555747e+00,3.447313921618987109e+01,1.753403499399511789e+00,3.290489297729602214e+01,2.376174950983689804e+00
1.380000057619957261e+03,2.880997863030643202e-05,3.139192214788861079e+01,3.447313938335117456e+01,1.753403492628699656e+00,2.549999837006502901e+00,3.447313938335117456e+01,1.753403492628699656e+00,3.290489313444894037e+01,2.376174947806546811e+00
1.380000345719743564e+03,2.880997863030643202e-04,3.139192356374268655e+01,3.447314105492833392e+01,1.753403424920337406e+00,2.549999837005974435e+00,3.447314105492833392e+01,1.753403424920337406e+00,3.290489470597816535e+01,2.376174916035115103e+00
1.380000633819529867e+03,2.880997863030643202e-04,3.139192497959691508e+01,3.447314272647790290e+01,1.753403357211799296e+00,2.549999837005445524e+00,3.447314272647790290e+01,1.753403357211799296e+00,3.290489627750736901e+01,2.376174884263685616e+00
1.380003514817392897e+03,2.880997863030643202e-03,3.139193913815272907e+01,3.447315944086119543e+01,1.753402680120218271e+00,2.549999837000157754e+00,3.447315944086119543e+01,1.753402680120218271e+00,3.290491199279728818e+01,2.376174566549494216e+00
1.380006395815255928e+03,2.880997863030643202e-03,3.139195329672392276e+01,3.447317615437044935e+01,1.753402003024151723e+00,2.549999836994869984e+00,3.447317615437044935e+01,1.753402003024151723e+00,3.290492770808481993e+01,2.376174248835428049e+00
1.380022853896533661e+03,1.645808127773307206e-02,3.139203417971922860e+01,3.447327162285367308e+01,1.753398134982262713e+00,2.549999836964659927e+00,3.447327162285367308e+01,1.753398134982262713e+00,3.290501748369878499e+01,2.376172433854106814e+00
1.380039311977811394e+03,1.645808127773307206e-02,3.139211506321827727e+01,3.447336707758344687e+01,1.753394266888837372e+00,2.549999836934444986e+00,3.447336707758344687e+01,1.753394266888837372e+00,3.290510725923473245e+01,2.376170618876847662e+00
1.380055770059089127e+03,1.645808127773307206e-02,3.139219594722790063e+01,3.447346252240092213e+01,1.753390398768859271e+00,2.549999836904225603e+00,3.447346252240092213e+01,1.753390398768859271e+00,3.290519703469180968e+01,2.376168803903705218e+00
1.380089440233338564e+03,3.367017424943696824e-02,3.139236142247158767e+01,3.447365776080889788e+01,1.753382485276545166e+00,2.549999836842386625e+00,3.447365776080889788e+01,1.753382485276545166e+00,3.290538069833897339e+01,2.376165090819002845e+00
1.380123110407588001e+03,3.367017424943696824e-02,3.139252689986284750e+01,3.447385297065218168e+01,1.753374571755996314e+00,2.549999836780527218e+00,3.447385297065218168e+01,1.753374571755996314e+00,3.290556436165633158e+01,2.376161377751616399e+00
1.380156780581837438e+03,3.367017424943696824e-02,3.139269237940225921e+01,3.447404815614287088e+01,1.753366658234020825e+00,2.549999836718646939e+00,3.447404815614287088e+01,1.753366658234020825e+00,3.290574802464485060e+01,2.376157664701549432e+00
1.380222191349138711e+03,6.541076730127315386e-02,3.139301386126654592e+01,3.447442728023747804e+01,1.753351284750475969e+00,2.549999836598374259e+00,3.447442728023747804e+01,1.753351284750475969e+00,3.290610482426734507e+01,2.376150451439589695e+00
1.380287602116439984e+03,6.541076730127315386e-02,3.139333535123887131e+01,3.447480633494601676e+01,1.753335911404573233e+00,2.549999836478024307e+00,3.447480633494601676e+01,1.753335911404573233e+00,3.290646162265795027e+01,2.376143238242993672e+00
1.380353012883741258e+03,6.541076730127315386e-02,3.139365684931966527e+01,3.447518532763044874e+01,1.753320538242979287e+00,2.549999836357596639e+00,3.447518532763044874e+01,1.753320538242979287e+00,3.290681841982186739e+01,2.376136025111759142e+00
1.380418423651042531e+03,6.541076730127315386e-02,3.139397835550945359e+01,3.447556426301771637e+01,1.753305165295612422e+00,2.549999836237091699e+00,3.447556426301771637e+01,1.753305165295612422e+00,3.290717521576368654e+01,2.376128812045884331e+00
1.380526147977334631e+03,1.077243262921001588e-01,3.139450785845388125e+01,3.447618821261868760e+01,1.753279848273186614e+00,2.549999836038463918e+00,3.447618821261868760e+01,1.753279848273186614e+00,3.290776281671264059e+01,2.376116933063632253e+00
1.380633872303626731e+03,1.077243262921001588e-01,3.139503738339650951e+01,3.447681203082019863e+01,1.753254531983515552e+00,2.549999835839625639e+00,3.447681203082019863e+01,1.753254531983515552e+00,3.290835041437566133e+01,2.376105054258645932e+00
1.380741596629918831e+03,1.077243262921001588e-01,3.139556693034021961e+01,3.447743572755307895e+01,1.753229216489173625e+00,2.549999835640576418e+00,3.447743572755307895e+01,1.753229216489173625e+00,3.290893800876879283e+01,2.376093175630918708e+00
1.380849320956210931e+03,1.077243262921001588e-01,3.139609649928788571e+01,3.447805931007660973e+01,1.753203901835746814e+00,2.549999835441316698e+00,3.447805931007660973e+01,1.753203901835746814e+00,3.290952559990687831e+01,2.376081297180445695e+00
1.381024857049565526e+03,1.755360933545944135e-01,3.139695947561305545e+01,3.447907520339634146e+01,1.753162653662666992e+00,2.549999835116171454e+00,3.447907520339634146e+01,1.753162653662666992e+00,3.291048306893028297e+01,2.376061941701913760e+00
1.381200393142920120e+03,1.755360933545944135e-01,3.139782251038442951e+01,3.448009082949082682e+01,1.753121407947527688e+00,2.549999834790464437e+00,3.448009082949082682e+01,1.753121407947527688e+00,3.291144052940475007e+01,2.376042586693992931e+00
1.381375929236274715e+03,1.755360933545944135e-01,3.139868560361469463e+01,3.448110620446603747e+01,1.753080164790277395e+00,2.549999834464194759e+00,3.448110620446603747e+01,1.753080164790277395e+00,3.291239798138374795e+01,2.376023232156656118e+00
1.381551465329629309e+03,1.755360933545944135e-01,3.139954875531667255e+01,3.448212134087636116e+01,1.753038924268290000e+00,2.549999834137362420e+00,3.448212134087636116e+01,1.753038924268290000e+00,3.291335542491760435e+01,2.376003878089874011e+00
1.381805692364988545e+03,2.542270353592357424e-01,3.140079895233154872e+01,3.448359115028085142e+01,1.752979200866052745e+00,2.549999833663014304e+00,3.448359115028085142e+01,1.752979200866052745e+00,3.291474206521121459e+01,2.375975848637381205e+00
1.382059919400347781e+03,2.542270353592357424e-01,3.140204927206024976e+01,3.448506050700237324e+01,1.752919483282272317e+00,2.549999833187480469e+00,3.448506050700237324e+01,1.752919483282272317e+00,3.291612868802952363e+01,2.375947820171739444e+00
1.382314146435707016e+03,2.542270353592357424e-01,3.140329971454309188e+01,3.448652943236226065e+01,1.752859771645160158e+00,2.549999832710758696e+00,3.448652943236226065e+01,1.752859771645160158e+00,3.291751529350391792e+01,2.375919792692853694e+00
1.382568373471066252e+03,2.542270353592357424e-01,3.140455027982090286e+01,3.448799794446638600e+01,1.752800066062518036e+00,2.549999832232846320e+00,3.448799794446638600e+01,1.752800066062518036e+00,3.291890188176025589e+01,2.375891766200625366e+00
1.382822600506425488e+03,2.542270353592357424e-01,3.140580096793500431e+01,3.448946605870809634e+01,1.752740366624937707e+00,2.549999831753741120e+00,3.448946605870809634e+01,1.752740366624937707e+00,3.292028845291944350e+01,2.375863740694954540e+00
1.383248449330333415e+03,4.258488239079269988e-01,3.140789623705959244e+01,3.449192440156240025e+01,1.752640379689176964e+00,2.549999830948524782e+00,3.449192440156240025e+01,1.752640379689176964e+00,3.292261102274090945e+01,2.375816798139257280e+00
1.383674298154241342e+03,4.258488239079269988e-01,3.140999185116388404e+01,3.449438171711254597e+01,1.752540410507676505e+00,2.549999830139941803e+00,3.449438171711254597e+01,1.752540410507676505e+00,3.292493354544151174e+01,2.375769858350951669e+00
1.384100146978149269e+03,4.258488239079269988e-01,3.141208781045112985e+01,3.449683804886702632e+01,1.752440459323524324e+00,2.549999829327980638e+00,3.449683804886702632e+01,1.752440459323524324e+00,3.292725602152252407e+01,2.375722921329549653e+00
1.384525995802057196e+03,4.258488239079269988e-01,3.141418411512808362e+01,3.449929343428687645e+01,1.752340526341640725e+00,2.549999828512628852e+00,3.449929343428687645e+01,1.752340526341640725e+00,3.292957845146553097e+01,2.375675987074557405e+00
1.384951844625965123e+03,4.258488239079269988e-01,3.141628076540488124e+01,3.450174790591827900e+01,1.752240611735977671e+00,2.549999827693874899e+00,3.450174790591827900e+01,1.752240611735977671e+00,3.293190083573503557e+01,2.375629055585477545e+00
1.385545987147220330e+03,5.941425212552076118e-01,3.141920658107745723e+01,3.450517090118253094e+01,1.752101242272918746e+00,2.549999826545845671e+00,3.450517090118253094e+01,1.752101242272918746e+00,3.293514094121352542e+01,2.375563581586207729e+00
1.386140129668475538e+03,5.941425212552076118e-01,3.142213307049005877e+01,3.450859223989873925e+01,1.751961909205947965e+00,2.549999825391136898e+00,3.450859223989873925e+01,1.751961909205947965e+00,3.293838095983463887e+01,2.375498112968626785e+00
1.386734272189730746e+03,5.941425212552076118e-01,3.142506023424313355e+01,3.451201198030594952e+01,1.751822612818451974e+00,2.549999824229716605e+00,3.451201198030594952e+01,1.751822612818451974e+00,3.294162089273113025e+01,2.375432649731344270e+00
1.387328414710985953e+03,5.941425212552076118e-01,3.142798807294732910e+01,3.451543017406844882e+01,1.751683353353016059e+00,2.549999823061551485e+00,3.451543017406844882e+01,1.751683353353016059e+00,3.294486074099810935e+01,2.375367191872960415e+00
1.387922557232241161e+03,5.941425212552076118e-01,3.143091658722275028e+01,3.451884686740019959e+01,1.751544131018554440e+00,2.549999821886609119e+00,3.451884686740019959e+01,1.751544131018554440e+00,3.294810050569698490e+01,2.375301739392067901e+00
1.388746749763460684e+03,8.241925312195235165e-01,3.143498013225221754e+01,3.452358408596830230e+01,1.751351064073184638e+00,2.549999820245447690e+00,3.452358408596830230e+01,1.751351064073184638e+00,3.295259456007635634e+01,2.375210952829230227e+00
1.389570942294680208e+03,8.241925312195235165e-01,3.143904498020812710e+01,3.452831859611926291e+01,1.751158069334309175e+00,2.549999818591090595e+00,3.452831859611926291e+01,1.751158069334309175e+00,3.295708845828867339e+01,2.375120176607854017e+00
1.390395134825899731e+03,8.241925312195235165e-01,3.144311113282022774e+01,3.453305048620671158e+01,1.750965147145961076e+00,2.549999816923449014e+00,3.453305048620671158e+01,1.750965147145961076e+00,3.296158220290711682e+01,2.375029410724121881e+00
1.391219327357119255e+03,8.241925312195235165e-01,3.144717859184028796e+01,3.453777983616139835e+01,1.750772297801906463e+00,2.549999815242431467e+00,3.453777983616139835e+01,1.750772297801906463e+00,3.296607579642448371e+01,2.374938655174199109e+00
1.392043519888338778e+03,8.241925312195235165e-01,3.145124735903846513e+01,3.454250671883752233e+01,1.750579521554109119e+00,2.549999813547948246e+00,3.454250671883752233e+01,1.750579521554109119e+00,3.297056924126034261e+01,2.374847909954236336e+00
1.393136409712357136e+03,1.092889824018357103e+00,3.145664461678900636e+01,3.454877093433244539e+01,1.750324010880355274e+00,2.549999811280120099e+00,3.454877093433244539e+01,1.750324010880355274e+00,3.297652738123163374e+01,2.374727596557314691e+00
1.394229299536375493e+03,1.092889824018357103e+00,3.146204418205230624e+01,3.455503107052136613e+01,1.750068629535938225e+00,2.549999808988240968e+00,3.455503107052136613e+01,1.750068629535938225e+00,3.298248526922108681e+01,2.374607301307841922e+00
1.395322189360393850e+03,1.092889824018357103e+00,3.146744605904038750e+01,3.456128725648651567e+01,1.749813377873340237e+00,2.549999806672095914e+00,3.456128725648651567e+01,1.749813377873340237e+00,3.298844291037128329e+01,2.374487024196757723e+00
1.396415079184412207e+03,1.092889824018357103e+00,3.147285025197134090e+01,3.456753961090207383e+01,1.749558256187456529e+00,2.549999804331468667e+00,3.456753961090207383e+01,1.749558256187456529e+00,3.299440030966731285e+01,2.374366765214982244e+00
1.397507969008430564e+03,1.092889824018357103e+00,3.147825676505586046e+01,3.457378824351322777e+01,1.749303264724677565e+00,2.549999801966140733e+00,3.457378824351322777e+01,1.749303264724677565e+00,3.300035747194871760e+01,2.374246524353413879e+00
1.398911407574710438e+03,1.403438566279874067e+00,3.148520296857417478e+01,3.458180715318185605e+01,1.748976007792682141e+00,2.549999798892117031e+00,3.458180715318185605e+01,1.748976007792682141e+00,3.300800704416721487e+01,2.374092143160583035e+00
1.400314846140990312e+03,1.403438566279874067e+00,3.149215301383989996e+01,3.458982029275944114e+01,1.748648966289792162e+00,2.549999795776528799e+00,3.458982029275944114e+01,1.748648966289792162e+00,3.301565624294048718e+01,2.373937791814528353e+00
1.401718284707270186e+03,1.403438566279874067e+00,3.149910690951261216e+01,3.459782784651724796e+01,1.748322140487015952e+00,2.549999792618903527e+00,3.459782784651724796e+01,1.748322140487015952e+00,3.302330507760908063e+01,2.373783470295887543e+00
1.403121723273550060e+03,1.403438566279874067e+00,3.150606466407754880e+01,3.460582998576710168e+01,1.747995530591896385e+00,2.549999789418763374e+00,3.460582998576710168e+01,1.747995530591896385e+00,3.303095355722266646e+01,2.373629178585275668e+00
1.404525161839829934e+03,1.403438566279874067e+00,3.151302628580778631e+01,3.461382687047364470e+01,1.747669136757915354e+00,2.549999786175626504e+00,3.461382687047364470e+01,1.747669136757915354e+00,3.303860169055931806e+01,2.373474916663294021e+00
1.406274517798615079e+03,1.749355958785145049e+00,3.152170922394244101e+01,3.462378768467955581e+01,1.747262596535351209e+00,2.549999782072188914e+00,3.462378768467955581e+01,1.747262596535351209e+00,3.304813445218319856e+01,2.373282674176043106e+00
1.408023873757400224e+03,1.749355958785145049e+00,3.153039819789676912e+01,3.463374083829223338e+01,1.746856392292818416e+00,2.549999777900239906e+00,3.463374083829223338e+01,1.746856392292818416e+00,3.305766670500857884e+01,2.373090477903871509e+00
1.409773229716185369e+03,1.749355958785145049e+00,3.153909322182679986e+01,3.464368658376686483e+01,1.746450524070174648e+00,2.549999773658818025e+00,3.464368658376686483e+01,1.746450524070174648e+00,3.306719846448570621e+01,2.372898327809159547e+00
1.411522585674970514e+03,1.749355958785145049e+00,3.154779430902732074e+01,3.465362515747181504e+01,1.746044991840734806e+00,2.549999769346950274e+00,3.465362515747181504e+01,1.746044991840734806e+00,3.307672974556563616e+01,2.372706223854286645e+00
1.413271941633755659e+03,1.749355958785145049e+00,3.155650147185626508e+01,3.466355678144442720e+01,1.745639795520625537e+00,2.549999764963652993e+00,3.466355678144442720e+01,1.745639795520625537e+00,3.308626056273063654e+01,2.372514166001641112e+00
1.415446492704260436e+03,2.174551070504776362e+00,3.156733346823128983e+01,3.467589299211055476e+01,1.745136581052083580e+00,2.549999759413880351e+00,3.467589299211055476e+01,1.745136581052083580e+00,3.309810729644018323e+01,2.372275491150494631e+00
1.417621043774765212e+03,2.174551070504776362e+00,3.157817488960654018e+01,3.468821916337705602e+01,1.744633885070641321e+00,2.549999753750266329e+00,3.468821916337705602e+01,1.744633885070641321e+00,3.310995336104919318e+01,2.372036887405921224e+00
1.419795594845269989e+03,2.174551070504776362e+00,3.158902575278511904e+01,3.470053564803558288e+01,1.744131707143132815e+00,2.549999747970851161e+00,3.470053564803558288e+01,1.744131707143132815e+00,3.312179878170405800e+01,2.371798354695793254e+00
1.421970145915774765e+03,2.174551070504776362e+00,3.159988607174585695e+01,3.471284277716661393e+01,1.743630046763218866e+00,2.549999742073648878e+00,3.471284277716661393e+01,1.743630046763218866e+00,3.313364358267957499e+01,2.371559892948044368e+00
1.424144696986279541e+03,2.174551070504776362e+00,3.161075585754023365e+01,3.472514086232602892e+01,1.743128903361650606e+00,2.549999736056646871e+00,3.472514086232602892e+01,1.743128903361650606e+00,3.314548778743022694e+01,2.371321502090689037e+00
1.426319248056784318e+03,2.174551070504776362e+00,3.162163511820642370e+01,3.473743019750927630e+01,1.742628276315303593e+00,2.549999729917804547e+00,3.473743019750927630e+01,1.742628276315303593e+00,3.315733141863820777e+01,2.371083182051819893e+00
1.428819248056784318e+03,2.500000000000000000e+00,3.163415431144139944e+01,3.475154833414370614e+01,1.742053361318338878e+00,2.549999722706967287e+00,3.475154833414370614e+01,1.742053361318338878e+00,3.317094691800571837e+01,2.370809281837181093e+00
1.431319248056784318e+03,2.500000000000000000e+00,3.164668603671307778e+01,3.476565567198316131e+01,1.741479126831950053e+00,2.549999715329170691e+00,3.476565567198316131e+01,1.741479126831950053e+00,3.318456172053608810e+01,2.370535475021154248e+00
1.433819248056784318e+03,2.500000000000000000e+00,3.165923029093115204e+01,3.477975258734057462e+01,1.740905571713473599e+00,2.549999707781179126e+00,3.477975258734057462e+01,1.740905571713473599e+00,3.319817585733001408e+01,2.370261761494946384e+00
1.436319248056784318e+03,2.500000000000000000e+00,3.167178706546696176e+01,3.479383943570650928e+01,1.740332694767939392e+00,2.549999700059708108e+00,3.479383943570650928e+01,1.740332694767939392e+00,3.321178935841542312e+01,2.369988141149953709e+00
1.438819248056784318e+03,2.500000000000000000e+00,3.168435634615660135e+01,3.480791655359168857e+01,1.739760494755264730e+00,2.549999692161422526e+00,3.480791655359168857e+01,1.739760494755264730e+00,3.322540225280591386e+01,2.369714613877767828e+00
1.440000000000000000e+03,1.180751943215682331e+00,3.169029716995954615e+01,3.481456189625605901e+01,1.739490479238445797e+00,2.549999688368612905e+00,3.481456189625605901e+01,1.739490479238445797e+00,3.323183143054257016e+01,2.369585459063456412e+00
1.440000028850134186e+03,2.885013418563175946e-05,3.169029731514983794e+01,3.481456205858806641e+01,1.739490472642812202e+00,2.549999688368519646e+00,3.481456205858806641e+01,1.739490472642812202e+00,3.323183158762959977e+01,2.369585455907980087e+00
1.440000057700268371e+03,2.885013418563175946e-05,3.169029746034013684e+01,3.481456222091220098e+01,1.739490466047181938e+00,2.549999688368426387e+00,3.481456222091220098e+01,1.739490466047181938e+00,3.323183174471660806e+01,2.369585452752504207e+00
1.440000346201610228e+03,2.885013418563175946e-04,3.169029891224323592e+01,3.481456384387303160e+01,1.739490400091022071e+00,2.549999688367494688e+00,3.481456384387303160e+01,1.739490400091022071e+00,3.323183331558649911e+01,2.369585421197742736e+00
1.440000634702952084e+03,2.885013418563175946e-04,3.169030036414649842e+01,3.481456546661846829e+01,1.739490334134972338e+00,2.549999688366562989e+00,3.481456546661846829e+01,1.739490334134972338e+00,3.323183488645606332e+01,2.369585389642983486e+00
1.440003519716370647e+03,2.885013418563175946e-03,3.169031488319340184e+01,3.481458168545140097e+01,1.739489674579104861e+00,2.549999688357245997e+00,3.481458168545140097e+01,1.739489674579104861e+00,3.323185059512367445e+01,2.369585074095493127e+00
1.440006404729789210e+03,2.885013418563175946e-03,3.169032940225655537e+01,3.481459789755209755e+01,1.739489015027103180e+00,2.549999688347929006e+00,3.481459789755209755e+01,1.739489015027103180e+00,3.323186630375945327e+01,2.369584758548126224e+00
1.440014833919222383e+03,8.429189433172723511e-03,3.169037182291948795e+01,3.481464524045442488e+01,1.739487088018939920e+00,2.549999688320705893e+00,3.481464524045442488e+01,1.739487088018939920e+00,3.323191219976120436e+01,2.369583836609037153e+00
1.440023263108655556e+03,8.429189433172723511e-03,3.169041424371944515e+01,3.481469255153375286e+01,1.739485161032249927e+00,2.549999688293480560e+00,3.481469255153375286e+01,1.739485161032249927e+00,3.323195809549482505e+01,2.369582914670985030e+00
1.440031692298088728e+03,8.429189433172723511e-03,3.169045666465985178e+01,3.481473983761787139e+01,1.739483234064189254e+00,2.549999688266253006e+00,3.481473983761787139e+01,1.739483234064189254e+00,3.323200399095384228e+01,2.369581992733998277e+00
1.440047269211792354e+03,1.557691370362590533e-02,3.169053505778006752e+01,3.481482716609049533e+01,1.739479673123760062e+00,2.549999688215932370e+00,3.481482716609049533e+01,1.739479673123760062e+00,3.323208880379284125e+01,2.369580289022242159e+00
1.440062846125495980e+03,1.557691370362590533e-02,3.169061345138559105e+01,3.481491443631325922e+01,1.739476112235271099e+00,2.549999688165604628e+00,3.481491443631325922e+01,1.739476112235271099e+00,3.323217361568495676e+01,2.369578585314164432e+00
1.440078423039199606e+03,1.557691370362590533e-02,3.169069184547611684e+01,3.481500165581028483e+01,1.739472551395383038e+00,2.549999688115269780e+00,3.481500165581028483e+01,1.739472551395383038e+00,3.323225842663182306e+01,2.369576881609762875e+00
1.440093999952903232e+03,1.557691370362590533e-02,3.169077024005093079e+01,3.481508882948413230e+01,1.739468990601891196e+00,2.549999688064928272e+00,3.481508882948413230e+01,1.739468990601891196e+00,3.323234323663572809e+01,2.369575177909033936e+00
1.440121004554901901e+03,2.700460199866938638e-02,3.169090614837046260e+01,3.481523985874522964e+01,1.739462817609220835e+00,2.549999687977636764e+00,3.481523985874522964e+01,1.739462817609220835e+00,3.323249026355497193e+01,2.369572224331354171e+00
1.440148009156900571e+03,2.700460199866938638e-02,3.169104205814514330e+01,3.481539077777517832e+01,1.739456644743827107e+00,2.549999687890324385e+00,3.481539077777517832e+01,1.739456644743827107e+00,3.323263728764680280e+01,2.369569270764706470e+00
1.440175013758899240e+03,2.700460199866938638e-02,3.169117796937521803e+01,3.481554159747948063e+01,1.739450472000905190e+00,2.549999687802991133e+00,3.481554159747948063e+01,1.739450472000905190e+00,3.323278430891400603e+01,2.369566317209091721e+00
1.440202018360897910e+03,2.700460199866938638e-02,3.169131388206079336e+01,3.481569232558755544e+01,1.739444299377046921e+00,2.549999687715636565e+00,3.481569232558755544e+01,1.739444299377046921e+00,3.323293132735931721e+01,2.369563363664512146e+00
1.440248370582286043e+03,4.635222138813333004e-02,3.169154717365018925e+01,3.481595084698672338e+01,1.739433704607630915e+00,2.549999687565646322e+00,3.481595084698672338e+01,1.739433704607630915e+00,3.323318367153687802e+01,2.369558294059796566e+00
1.440294722803674176e+03,4.635222138813333004e-02,3.169178046952750449e+01,3.481620914172458470e+01,1.739423110169904918e+00,2.549999687415593463e+00,3.481620914172458470e+01,1.739423110169904918e+00,3.323343600742175141e+01,2.369553224487588317e+00
1.440341075025062310e+03,4.635222138813333004e-02,3.169201376969252237e+01,3.481646722890242529e+01,1.739412516055420799e+00,2.549999687265477988e+00,3.481646722890242529e+01,1.739412516055420799e+00,3.323368833502587449e+01,2.369548154947885621e+00
1.440387427246450443e+03,4.635222138813333004e-02,3.169224707414505460e+01,3.481672512296227495e+01,1.739401922257790334e+00,2.549999687115299896e+00,3.481672512296227495e+01,1.739401922257790334e+00,3.323394065436016120e+01,2.369543085440686703e+00
1.440455832427750238e+03,6.840518129979500372e-02,3.169259138550569688e+01,3.481710538608361105e+01,1.739386288825703009e+00,2.549999686893557271e+00,3.481710538608361105e+01,1.739386288825703009e+00,3.323431300437911062e+01,2.369535604077415147e+00
1.440524237609050033e+03,6.840518129979500372e-02,3.169293570620323308e+01,3.481748528522360431e+01,1.739370656058644160e+00,2.549999686671677868e+00,3.481748528522360431e+01,1.739370656058644160e+00,3.323468533643956846e+01,2.369528122784929192e+00
1.440592642790349828e+03,6.840518129979500372e-02,3.169328003623713030e+01,3.481786484540544535e+01,1.739355023945535317e+00,2.549999686449662128e+00,3.481786484540544535e+01,1.739355023945535317e+00,3.323505765056975036e+01,2.369520641563227059e+00
1.440661047971649623e+03,6.840518129979500372e-02,3.169362437560685919e+01,3.481824408672822813e+01,1.739339392477473822e+00,2.549999686227509166e+00,3.481824408672822813e+01,1.739339392477473822e+00,3.323542994679596774e+01,2.369513160412305641e+00
1.440760677126498422e+03,9.962915484879886208e-02,3.169412590753849912e+01,3.481879589948405851e+01,1.739316627066385124e+00,2.549999685903709068e+00,3.481879589948405851e+01,1.739316627066385124e+00,3.323597214799045929e+01,2.369502264569789407e+00
1.440860306281347221e+03,9.962915484879886208e-02,3.169462745927107150e+01,3.481934711479761546e+01,1.739293862988609884e+00,2.549999685579618536e+00,3.481934711479761546e+01,1.739293862988609884e+00,3.323651431133061607e+01,2.369491368877403303e+00
1.440959935436196020e+03,9.962915484879886208e-02,3.169512903080288879e+01,3.481989776834651451e+01,1.739271100228310107e+00,2.549999685255237125e+00,3.481989776834651451e+01,1.739271100228310107e+00,3.323705643688392541e+01,2.369480473335139337e+00
1.441059564591044818e+03,9.962915484879886208e-02,3.169563062213224214e+01,3.482044789051897737e+01,1.739248338771983482e+00,2.549999684930564392e+00,3.482044789051897737e+01,1.739248338771983482e+00,3.323759852471417986e+01,2.369469577942988625e+00
1.441159193745893617e+03,9.962915484879886208e-02,3.169613223325741203e+01,3.482099750728887955e+01,1.739225578608078804e+00,2.549999684605601669e+00,3.482099750728887955e+01,1.739225578608078804e+00,3.323814057488197449e+01,2.369458682700943619e+00
1.441318163181822001e+03,1.589694359283839731e-01,3.169693265077996713e+01,3.482187349044005487e+01,1.739189264878281405e+00,2.549999684086483143e+00,3.482187349044005487e+01,1.739189264878281405e+00,3.323900539857296366e+01,2.369441298437084953e+00
1.441477132617750385e+03,1.589694359283839731e-01,3.169773311869067811e+01,3.482274831992701536e+01,1.739152954379652227e+00,2.549999683566622100e+00,3.482274831992701536e+01,1.739152954379652227e+00,3.323987012674444230e+01,2.369423914555336630e+00
1.441636102053678769e+03,1.589694359283839731e-01,3.169853363698233650e+01,3.482362205965186064e+01,1.739116647083642109e+00,2.549999683046017651e+00,3.482362205965186064e+01,1.739116647083642109e+00,3.324073475960506130e+01,2.369406531055666676e+00
1.441795071489607153e+03,1.589694359283839731e-01,3.169933420564765214e+01,3.482449476449007619e+01,1.739080342965688919e+00,2.549999682524668909e+00,3.482449476449007619e+01,1.739080342965688919e+00,3.324159929735266417e+01,2.369389147938041784e+00
1.441954040925535537e+03,1.589694359283839731e-01,3.170013482467925314e+01,3.482536648197376650e+01,1.739044042004473711e+00,2.549999682002574986e+00,3.482536648197376650e+01,1.739044042004473711e+00,3.324246374017575079e+01,2.369371765202429536e+00
1.442172283668000773e+03,2.182427424652360060e-01,3.170123404435790704e+01,3.482656169485363762e+01,1.738994210983267452e+00,2.549999681284598196e+00,3.482656169485363762e+01,1.738994210983267452e+00,3.324365034466254798e+01,2.369347901766264641e+00
1.442390526410466009e+03,2.182427424652360060e-01,3.170233335893043147e+01,3.482775521677495334e+01,1.738944385835185624e+00,2.549999680565212756e+00,3.482775521677495334e+01,1.738944385835185624e+00,3.324483677102386991e+01,2.369324039049954589e+00
1.442608769152931245e+03,2.182427424652360060e-01,3.170343276837693480e+01,3.482894712710557172e+01,1.738894566524331164e+00,2.549999679844416889e+00,3.482894712710557172e+01,1.738894566524331164e+00,3.324602301968172213e+01,2.369300177053415890e+00
1.442827011895396481e+03,2.182427424652360060e-01,3.170453227267720564e+01,3.483013749543626858e+01,1.738844753019124445e+00,2.549999679122207485e+00,3.483013749543626858e+01,1.738844753019124445e+00,3.324720909103942290e+01,2.369276315776568165e+00
1.443045254637861717e+03,2.182427424652360060e-01,3.170563187181072351e+01,3.483132638325184161e+01,1.738794945291565197e+00,2.549999678398583214e+00,3.483132638325184161e+01,1.738794945291565197e+00,3.324839498548366379e+01,2.369252455219331477e+00
1.443341904320606091e+03,2.966496827443734219e-01,3.170712667025379261e+01,3.483294012013350027e+01,1.738727252619104435e+00,2.549999677412711829e+00,3.483294012013350027e+01,1.738727252619104435e+00,3.325000664708279885e+01,2.369220023556918520e+00
1.443638554003350464e+03,2.966496827443734219e-01,3.170862164381910375e+01,3.483455134265592079e+01,1.738659570520116660e+00,2.549999676424215878e+00,3.483455134265592079e+01,1.738659570520116660e+00,3.325161798339706110e+01,2.369187593223708532e+00
1.443935203686094837e+03,2.966496827443734219e-01,3.171011679245237147e+01,3.483616015633030116e+01,1.738591898945871739e+00,2.549999675433088253e+00,3.483616015633030116e+01,1.738591898945871739e+00,3.325322899528190135e+01,2.369155164219500342e+00
1.444231853368839211e+03,2.966496827443734219e-01,3.171161211609826935e+01,3.483776665486568902e+01,1.738524237852850041e+00,2.549999674439324071e+00,3.483776665486568902e+01,1.738524237852850041e+00,3.325483968355858622e+01,2.369122736544094554e+00
1.444528503051583584e+03,2.966496827443734219e-01,3.171310761470041584e+01,3.483937092207780495e+01,1.738456587201896664e+00,2.549999673442917114e+00,3.483937092207780495e+01,1.738456587201896664e+00,3.325645004901776502e+01,2.369090310197291771e+00
1.444916242001596629e+03,3.877389500130448141e-01,3.171506258487414343e+01,3.484146455598635583e+01,1.738368179423765092e+00,2.549999672136558537e+00,3.484146455598635583e+01,1.738368179423765092e+00,3.325855440792282280e+01,2.369047929017576770e+00
1.445303980951609674e+03,3.877389500130448141e-01,3.171701785371503490e+01,3.484355465620767944e+01,1.738279789353558424e+00,2.549999670825661813e+00,3.484355465620767944e+01,1.738279789353558424e+00,3.326065821826571067e+01,2.369005550106876967e+00
1.445691719901622719e+03,3.877389500130448141e-01,3.171897342108912810e+01,3.484564135604564683e+01,1.738191416927600930e+00,2.549999669510213618e+00,3.484564135604564683e+01,1.738191416927600930e+00,3.326276148162165214e+01,2.368963173464756267e+00
1.446079458851635763e+03,3.877389500130448141e-01,3.172092928685943036e+01,3.484772477528618850e+01,1.738103062088175887e+00,2.549999668190200630e+00,3.484772477528618850e+01,1.738103062088175887e+00,3.326486419950889939e+01,2.368920799090775020e+00
1.446467197801648808e+03,3.877389500130448141e-01,3.172288545088592926e+01,3.484980502222776266e+01,1.738014724782627640e+00,2.549999666865609527e+00,3.484980502222776266e+01,1.738014724782627640e+00,3.326696637339423290e+01,2.368878426984499352e+00
1.446959939829853283e+03,4.927420282044749911e-01,3.172537179125840723e+01,3.485244419493336920e+01,1.737902490190498028e+00,2.549999665175681773e+00,3.485244419493336920e+01,1.737902490190498028e+00,3.326963705154065565e+01,2.368824583414858242e+00
1.447452681858057758e+03,4.927420282044749911e-01,3.172785861276942043e+01,3.485507858512801249e+01,1.737790283746586395e+00,2.549999663478311529e+00,3.485507858512801249e+01,1.737790283746586395e+00,3.327230685625315942e+01,2.368770743505868470e+00
1.447945423886262233e+03,4.927420282044749911e-01,3.173034591511067504e+01,3.485770835672906287e+01,1.737678105368511083e+00,2.549999661773472148e+00,3.485770835672906287e+01,1.737678105368511083e+00,3.327497579024620222e+01,2.368716907256640969e+00
1.448438165914466708e+03,4.927420282044749911e-01,3.173283369796612874e+01,3.486033365851805854e+01,1.737565954980543337e+00,2.549999660061135653e+00,3.486033365851805854e+01,1.737565954980543337e+00,3.327764385614462839e+01,2.368663074666292445e+00
1.448930907942671183e+03,4.927420282044749911e-01,3.173532196101202274e+01,3.486295462624881480e+01,1.737453832512676932e+00,2.549999658341274511e+00,3.486295462624881480e+01,1.737453832512676932e+00,3.328031105649154142e+01,2.368609245733944046e+00
1.449542658736843350e+03,6.117507941721669340e-01,3.173841186565356765e+01,3.486620277489225828e+01,1.737314668588998856e+00,2.549999656195514497e+00,3.486620277489225828e+01,1.737314668588998856e+00,3.328362124766123742e+01,2.368542420939509174e+00
1.450154409531015517e+03,6.117507941721669340e-01,3.174150250928929395e+01,3.486944465135540838e+01,1.737175547485616756e+00,2.549999654038060726e+00,3.486944465135540838e+01,1.737175547485616756e+00,3.328693011306206984e+01,2.368475601780408724e+00
1.450766160325187684e+03,6.117507941721669340e-01,3.174459389125052766e+01,3.487268045289960128e+01,1.737036469095980751e+00,2.549999651868859463e+00,3.487268045289960128e+01,1.737036469095980751e+00,3.329023765712064886e+01,2.368408788254965813e+00
1.451377911119359851e+03,6.117507941721669340e-01,3.174768601085069619e+01,3.487591036012995716e+01,1.736897433320826023e+00,2.549999649687856973e+00,3.487591036012995716e+01,1.736897433320826023e+00,3.329354388412900079e+01,2.368341980361511556e+00
1.451989661913532018e+03,6.117507941721669340e-01,3.175077886738542787e+01,3.487913453914949713e+01,1.736758440067224019e+00,2.549999647494999966e+00,3.487913453914949713e+01,1.736758440067224019e+00,3.329684879825529720e+01,2.368275178098378397e+00
1.452749932989276431e+03,7.602710757444128831e-01,3.175462363064809779e+01,3.488313372802826962e+01,1.736585761291081997e+00,2.549999644753161210e+00,3.488313372802826962e+01,1.736585761291081997e+00,3.330095425273179899e+01,2.368192165488859580e+00
1.453510204065020844e+03,7.602710757444128831e-01,3.175846952956593228e+01,3.488712457614997930e+01,1.736413147897621245e+00,2.549999641992825694e+00,3.488712457614997930e+01,1.736413147897621245e+00,3.330505769326943266e+01,2.368109161569616816e+00
1.454270475140765257e+03,7.602710757444128831e-01,3.176231656267378156e+01,3.489110733137172815e+01,1.736240599739388379e+00,2.549999639213888614e+00,3.489110733137172815e+01,1.736240599739388379e+00,3.330915912719255800e+01,2.368026166337473537e+00
1.455030746216509669e+03,7.602710757444128831e-01,3.176616472846541939e+01,3.489508222175450669e+01,1.736068116677523587e+00,2.549999636416246052e+00,3.489508222175450669e+01,1.736068116677523587e+00,3.331325856161349463e+01,2.367943179789259389e+00
1.455791017292254082e+03,7.602710757444128831e-01,3.177001402539392316e+01,3.489904945801912106e+01,1.735895698580681268e+00,2.549999633599792315e+00,3.489904945801912106e+01,1.735895698580681268e+00,3.331735600344858739e+01,2.367860201921808461e+00
1.456551288367998495e+03,7.602710757444128831e-01,3.177386445187209318e+01,3.490300923571849268e+01,1.735723345324074351e+00,2.549999630764422154e+00,3.490300923571849268e+01,1.735723345324074351e+00,3.332145145943304243e+01,2.367777232731964610e+00
1.457666792561720968e+03,1.115504193722472337e+00,3.177951601328490838e+01,3.490880607899128307e+01,1.735470577926233382e+00,2.549999626569775746e+00,3.490880607899128307e+01,1.735470577926233382e+00,3.332745691740003480e+01,2.367655512274835949e+00
1.458782296755443440e+03,1.115504193722472337e+00,3.178516999759866479e+01,3.491458778560902232e+01,1.735217949505288848e+00,2.549999622333839255e+00,3.491458778560902232e+01,1.735217949505288848e+00,3.333345813445539818e+01,2.367533810482215895e+00
1.459897800949165912e+03,1.115504193722472337e+00,3.179082639934078713e+01,3.492035483930816753e+01,1.734965459724724157e+00,2.549999618056272954e+00,3.492035483930816753e+01,1.734965459724724157e+00,3.333945513007873984e+01,2.367412127344195483e+00
1.461013305142888385e+03,1.115504193722472337e+00,3.179648521286183183e+01,3.492610768332890814e+01,1.734713108265355075e+00,2.549999613736735338e+00,3.492610768332890814e+01,1.734713108265355075e+00,3.334544792314349593e+01,2.367290462850887511e+00
1.462128809336610857e+03,1.115504193722472337e+00,3.180214643233854233e+01,3.493184672580213146e+01,1.734460894822979604e+00,2.549999609374883125e+00,3.493184672580213146e+01,1.734460894822979604e+00,3.335143653196583813e+01,2.367168816992427871e+00
1.463244313530333329e+03,1.115504193722472337e+00,3.180781005177695420e+01,3.493757234440195703e+01,1.734208819106348720e+00,2.549999604970369482e+00,3.493757234440195703e+01,1.734208819106348720e+00,3.335742097434824416e+01,2.367047189758974657e+00
1.464618875236716121e+03,1.374561706382792181e+00,3.181479224529593708e+01,3.494460969962339902e+01,1.733898391950698725e+00,2.549999599483791179e+00,3.494460969962339902e+01,1.733898391950698725e+00,3.336478950056454806e+01,2.366897342200549925e+00
1.465993436943098914e+03,1.374561706382792181e+00,3.182177806167866052e+01,3.495162781131065799e+01,1.733588172990221610e+00,2.549999593931251418e+00,3.495162781131065799e+01,1.733588172990221610e+00,3.337215175823999402e+01,2.366747522889075306e+00
1.467367998649481706e+03,1.374561706382792181e+00,3.182876748868487127e+01,3.495862724002058997e+01,1.733278161741712786e+00,2.549999588312088505e+00,3.495862724002058997e+01,1.733278161741712786e+00,3.337950777793516011e+01,2.366597731806256100e+00
1.468742560355864498e+03,1.374561706382792181e+00,3.183576051371409577e+01,3.496560850467325565e+01,1.732968357739448351e+00,2.549999582625636307e+00,3.496560850467325565e+01,1.732968357739448351e+00,3.338685758934058612e+01,2.366447968933841128e+00
1.470117122062247290e+03,1.374561706382792181e+00,3.184275712381507617e+01,3.497257208761978831e+01,1.732658760533007714e+00,2.549999576871223361e+00,3.497257208761978831e+01,1.732658760533007714e+00,3.339420122133972058e+01,2.366298234253617849e+00
1.471491683768630082e+03,1.374561706382792181e+00,3.184975730569524899e+01,3.497951843895954482e+01,1.732349369685423079e+00,2.549999571048172431e+00,3.497951843895954482e+01,1.732349369685423079e+00,3.340153870206504649e+01,2.366148527747412356e+00
1.473182234566283796e+03,1.690550797653713744e+00,3.185837159172138655e+01,3.498803863297499106e+01,1.731969137321771379e+00,2.549999563791371049e+00,3.498803863297499106e+01,1.731969137321771379e+00,3.341055455424358911e+01,2.365964444788561938e+00
1.474872785363937510e+03,1.690550797653713744e+00,3.186699123382635435e+01,3.499653412896053339e+01,1.731589215688369654e+00,2.549999556428434566e+00,3.499653412896053339e+01,1.731589215688369654e+00,3.341956119304778383e+01,2.365780404385022795e+00
1.476563336161591224e+03,1.690550797653713744e+00,3.187561620528421713e+01,3.500500560614820955e+01,1.731209604037915240e+00,2.549999548958071127e+00,3.500500560614820955e+01,1.731209604037915240e+00,3.342855866675769505e+01,2.365596406503214233e+00
1.478253886959244937e+03,1.690550797653713744e+00,3.188424647868023598e+01,3.501345369775230409e+01,1.730830301642119817e+00,2.549999541378976886e+00,3.501345369775230409e+01,1.730830301642119817e+00,3.343754702235264631e+01,2.365412451109640379e+00
1.479944437756898651e+03,1.690550797653713744e+00,3.189288202593287380e+01,3.502187899607606880e+01,1.730451307789573789e+00,2.549999533689834230e+00,3.502187899607606880e+01,1.730451307789573789e+00,3.344652630559726703e+01,2.365228538170877304e+00
1.481634988554552365e+03,1.690550797653713744e+00,3.190152281831311143e+01,3.503028205690309704e+01,1.730072621783919962e+00,2.549999525889314889e+00,3.503028205690309704e+01,1.730072621783919962e+00,3.345549656111891323e+01,2.365044667653581900e+00
1.483700006072107726e+03,2.065017517555361337e+00,3.191208466959155388e+01,3.504051703177498212e+01,1.729610471341197497e+00,2.549999516207865025e+00,3.504051703177498212e+01,1.729610471341197497e+00,3.346644159445210676e+01,2.364820126268310840e+00
1.485765023589663087e+03,2.065017517555361337e+00,3.192265424838961252e+01,3.505072049870037176e+01,1.729148777991464936e+00,2.549999506355758783e+00,3.505072049870037176e+01,1.729148777991464936e+00,3.347737330002957634e+01,2.364595648068978040e+00
1.487830041107218449e+03,2.065017517555361337e+00,3.193323149858251497e+01,3.506089329266634991e+01,1.728687540538958789e+00,2.549999496330498605e+00,3.506089329266634991e+01,1.728687540538958789e+00,3.348829175312560835e+01,2.364371232995251759e+00
1.489895058624773810e+03,2.065017517555361337e+00,3.194381636268693114e+01,3.507103619609707579e+01,1.728226757809676606e+00,2.549999486129557180e+00,3.507103619609707579e+01,1.728226757809676606e+00,3.349919702705658864e+01,2.364146880986956578e+00
1.491960076142329171e+03,2.065017517555361337e+00,3.195440878184545852e+01,3.508114994424747124e+01,1.727766428649215813e+00,2.549999475750378330e+00,3.508114994424747124e+01,1.727766428649215813e+00,3.351008919330147506e+01,2.363922591984073840e+00
1.494025093659884533e+03,2.065017517555361337e+00,3.196500869579394077e+01,3.509123522990491750e+01,1.727306551920901212e+00,2.549999465190379233e+00,3.509123522990491750e+01,1.727306551920901212e+00,3.352096832161110740e+01,2.363698365926733214e+00
1.496513715899052158e+03,2.488622239167625594e+00,3.197779288040440449e+01,3.510335245466657739e+01,1.726752938544714455e+00,2.549999452220191642e+00,3.510335245466657739e+01,1.726752938544714455e+00,3.353406189851918384e+01,2.363428227098048673e+00
1.499002338138219784e+03,2.488622239167625594e+00,3.199058774935102534e+01,3.511543036872870260e+01,1.726199978697626980e+00,2.549999438978962196e+00,3.511543036872870260e+01,1.726199978697626980e+00,3.354713675493970015e+01,2.363158179497184097e+00
1.500000000000000000e+03,9.976618617802159861e-01,3.199572004914188383e+01,3.512026146560616269e+01,1.725978486130876899e+00,2.549999433593534537e+00,3.512026146560616269e+01,1.725978486130876899e+00,3.355237309292578374e+01,2.363049945914950545e+00
1.500000029162399869e+03,2.916239986916480120e-05,3.199572019918758770e+01,3.512026160675539899e+01,1.725978479658012654e+00,2.549999433593376441e+00,3.512026160675539899e+01,1.725978479658012654e+00,3.355237324594421722e+01,2.363049942751417110e+00
1.500000058324799738e+03,2.916239986916480120e-05,3.199572034923329156e+01,3.512026174791803612e+01,1.725978473185147077e+00,2.549999433593218345e+00,3.512026174791803612e+01,1.725978473185147077e+00,3.355237339896263649e+01,2.363049939587882342e+00
1.500000349948798430e+03,2.916239986916480120e-04,3.199572184969047584e+01,3.512026316002237536e+01,1.725978408456456892e+00,2.549999433591637832e+00,3.512026316002237536e+01,1.725978408456456892e+00,3.355237492914721287e+01,2.363049907952540440e+00
1.500000641572797122e+03,2.916239986916480120e-04,3.199572335014780222e+01,3.512026457249344702e+01,1.725978343727742503e+00,2.549999433590056874e+00,3.512026457249344702e+01,1.725978343727742503e+00,3.355237645933208057e+01,2.363049876317199427e+00
1.500003557812784038e+03,2.916239986916480120e-03,3.199573835473346861e+01,3.512027871184839967e+01,1.725977696440108566e+00,2.549999433574249519e+00,3.512027871184839967e+01,1.725977696440108566e+00,3.355239176120565503e+01,2.363049559963900315e+00
1.500006474052770955e+03,2.916239986916480120e-03,3.199575335933326770e+01,3.512029286261623895e+01,1.725977049152375598e+00,2.549999433558441719e+00,3.512029286261623895e+01,1.725977049152375598e+00,3.355240706310765830e+01,2.363049243610723327e+00
1.500013624784360445e+03,7.150731589490533224e-03,3.199579015123822501e+01,3.512032759167239249e+01,1.725975461978922709e+00,2.549999433519678949e+00,3.512032759167239249e+01,1.725975461978922709e+00,3.355244458406382790e+01,2.363048467901141869e+00
1.500020775515949936e+03,7.150731589490533224e-03,3.199582694322659648e+01,3.512036235980214371e+01,1.725973874807295916e+00,2.549999433480913957e+00,3.512036235980214371e+01,1.725973874807295916e+00,3.355248210518734453e+01,2.363047692192279836e+00
1.500027926247539426e+03,7.150731589490533224e-03,3.199586373530084060e+01,3.512039715940236562e+01,1.725972287638290581e+00,2.549999433442146746e+00,3.512039715940236562e+01,1.725972287638290581e+00,3.355251962648286934e+01,2.363046916484157656e+00
1.500041031287430087e+03,1.310503989066091890e-02,3.199593116381485558e+01,3.512046100478269040e+01,1.725969378865155335e+00,2.549999433371092472e+00,3.512046100478269040e+01,1.725969378865155335e+00,3.355258839165428242e+01,2.363045494857297868e+00
1.500054136327320748e+03,1.310503989066091890e-02,3.199599859262132640e+01,3.512052492333842224e+01,1.725966470103822203e+00,2.549999433300030205e+00,3.512052492333842224e+01,1.725966470103822203e+00,3.355265715740951293e+01,2.363044073232955622e+00
1.500067241367211409e+03,1.310503989066091890e-02,3.199606602172002567e+01,3.512058890541013767e+01,1.725963561355093434e+00,2.549999433228960388e+00,3.512058890541013767e+01,1.725963561355093434e+00,3.355272592374706164e+01,2.363042651611128697e+00
1.500080346407102070e+03,1.310503989066091890e-02,3.199613345111044183e+01,3.512065294472993315e+01,1.725960652619466851e+00,2.549999433157883466e+00,3.512065294472993315e+01,1.725960652619466851e+00,3.355279469066501008e+01,2.363041229991813097e+00
1.500102264885108070e+03,2.191847800600044138e-02,3.199624622895510484e+01,3.512076016711866799e+01,1.725955787723169710e+00,2.549999433038987462e+00,3.512076016711866799e+01,1.725955787723169710e+00,3.355290970619787316e+01,2.363038852306706072e+00
1.500124183363114071e+03,2.191847800600044138e-02,3.199635900761546736e+01,3.512086751799654394e+01,1.725950922866182013e+00,2.549999432920070142e+00,3.512086751799654394e+01,1.725950922866182013e+00,3.355302472334807362e+01,2.363036474628620542e+00
1.500146101841120071e+03,2.191847800600044138e-02,3.199647178709162887e+01,3.512097498473315937e+01,1.725946058049579568e+00,2.549999432801131505e+00,3.512097498473315937e+01,1.725946058049579568e+00,3.355313974211281192e+01,2.363034096957559171e+00
1.500168020319126072e+03,2.191847800600044138e-02,3.199658456738360002e+01,3.512108255822549552e+01,1.725941193274134644e+00,2.549999432682171108e+00,3.512108255822549552e+01,1.725941193274134644e+00,3.355325476248941641e+01,2.363031719293521959e+00
1.500205119088258698e+03,3.709876913262633025e-02,3.199677545886583374e+01,3.512126485891574390e+01,1.725932959349777196e+00,2.549999432480771766e+00,3.512126485891574390e+01,1.725932959349777196e+00,3.355344944730023116e+01,2.363027694923840905e+00
1.500242217857391324e+03,3.709876913262633025e-02,3.199696635268455935e+01,3.512144741600609166e+01,1.725924725547488991e+00,2.549999432279310696e+00,3.512144741600609166e+01,1.725924725547488991e+00,3.355364413670944401e+01,2.363023670574281976e+00
1.500279316626523951e+03,3.709876913262633025e-02,3.199715724883934342e+01,3.512163020755117060e+01,1.725916491869113445e+00,2.549999432077787898e+00,3.512163020755117060e+01,1.725916491869113445e+00,3.355383883070626894e+01,2.363019646244844729e+00
1.500316415395656577e+03,3.709876913262633025e-02,3.199734814732978450e+01,3.512181321680179025e+01,1.725908258316057431e+00,2.549999431876203815e+00,3.512181321680179025e+01,1.725908258316057431e+00,3.355403352928087202e+01,2.363015621935529609e+00
1.500370419871252125e+03,5.400447559554777399e-02,3.199762604139353428e+01,3.512207998445569501e+01,1.725896273004105863e+00,2.549999431582647524e+00,3.512207998445569501e+01,1.725896273004105863e+00,3.355431695909621226e+01,2.363009763806404706e+00
1.500424424346847672e+03,5.400447559554777399e-02,3.199790394040462971e+01,3.512234714962197302e+01,1.725884287963066477e+00,2.549999431288960672e+00,3.512234714962197302e+01,1.725884287963066477e+00,3.355460039856659193e+01,2.363003905719916808e+00
1.500478428822443220e+03,5.400447559554777399e-02,3.199818184436186996e+01,3.512261468404786768e+01,1.725872303195305157e+00,2.549999430995142369e+00,3.512261468404786768e+01,1.725872303195305157e+00,3.355488384766770338e+01,2.362998047676065028e+00
1.500532433298038768e+03,5.400447559554777399e-02,3.199845975326404002e+01,3.512288256489240013e+01,1.725860318702730600e+00,2.549999430701192615e+00,3.512288256489240013e+01,1.725860318702730600e+00,3.355516730637692291e+01,2.362992189674850252e+00
1.500611041597547683e+03,7.860829950891456974e-02,3.199886428313127240e+01,3.512327306873078214e+01,1.725842874706961183e+00,2.549999430273088841e+00,3.512327306873078214e+01,1.725842874706961183e+00,3.355557992277275758e+01,2.362983662911203986e+00
1.500689649897056597e+03,7.860829950891456974e-02,3.199926882346922596e+01,3.512366421647168124e+01,1.725825431301745372e+00,2.549999429844707066e+00,3.512366421647168124e+01,1.725825431301745372e+00,3.355599255941924497e+01,2.362975136237887241e+00
1.500768258196565512e+03,7.860829950891456974e-02,3.199967337427415259e+01,3.512405596725093204e+01,1.725807988490475564e+00,2.549999429416046848e+00,3.512405596725093204e+01,1.725807988490475564e+00,3.355640521625913664e+01,2.362966609654895134e+00
1.500846866496074426e+03,7.860829950891456974e-02,3.200007793554232194e+01,3.512444828619574366e+01,1.725790546276037896e+00,2.549999428987107741e+00,3.512444828619574366e+01,1.725790546276037896e+00,3.355681789323850239e+01,2.362958083162225886e+00
1.500925474795583341e+03,7.860829950891456974e-02,3.200048250726997168e+01,3.512484114342469610e+01,1.725773104660897728e+00,2.549999428557890191e+00,3.512484114342469610e+01,1.725773104660897728e+00,3.355723059030632527e+01,2.362949556759876835e+00
1.501049625707976929e+03,1.241509123935884418e-01,3.200112149352761293e+01,3.512546264145128561e+01,1.725745559273321295e+00,2.549999427879432901e+00,3.512546264145128561e+01,1.725745559273321295e+00,3.355788242891744488e+01,2.362936090673257272e+00
1.501173776620370518e+03,1.241509123935884418e-01,3.200176050585108101e+01,3.512608533248722154e+01,1.725718015392891491e+00,2.549999427200279722e+00,3.512608533248722154e+01,1.725718015392891491e+00,3.355853431733697789e+01,2.362922624811911287e+00
1.501297927532764106e+03,1.241509123935884418e-01,3.200239954422555400e+01,3.512670914468824179e+01,1.725690473025449645e+00,2.549999426520429768e+00,3.512670914468824179e+01,1.725690473025449645e+00,3.355918625539680988e+01,2.362909159175824669e+00
1.501422078445157695e+03,1.241509123935884418e-01,3.200303860863619576e+01,3.512733401624797125e+01,1.725662932175990871e+00,2.549999425839883038e+00,3.512733401624797125e+01,1.725662932175990871e+00,3.355983824293842588e+01,2.362895693764986760e+00
1.501546229357551283e+03,1.241509123935884418e-01,3.200367769906814885e+01,3.512795989353453052e+01,1.725635392848820393e+00,2.549999425158638200e+00,3.512795989353453052e+01,1.725635392848820393e+00,3.356049027981145372e+01,2.362882228579384680e+00
1.501715964477239140e+03,1.697351196878571500e-01,3.200455148495566959e+01,3.512881711583794697e+01,1.725597744439734349e+00,2.549999424226132128e+00,3.512881711583794697e+01,1.725597744439734349e+00,3.356138180314294317e+01,2.362863819776747309e+00
1.501885699596926997e+03,1.697351196878571500e-01,3.200542531941491120e+01,3.512967602771954034e+01,1.725560098891111727e+00,2.549999423292319545e+00,3.512967602771954034e+01,1.725560098891111727e+00,3.356227341806935982e+01,2.362845411395054995e+00
1.502055434716614855e+03,1.697351196878571500e-01,3.200629920240766779e+01,3.513053654028330186e+01,1.725522456209892086e+00,2.549999422357198675e+00,3.513053654028330186e+01,1.725522456209892086e+00,3.356316512426377585e+01,2.362827003434277984e+00
1.502225169836302712e+03,1.697351196878571500e-01,3.200717313389566954e+01,3.513139857551450262e+01,1.725484816402096389e+00,2.549999421420767742e+00,3.513139857551450262e+01,1.725484816402096389e+00,3.356405692141555619e+01,2.362808595894385189e+00
1.502394904955990569e+03,1.697351196878571500e-01,3.200804711384052581e+01,3.513226206443107458e+01,1.725447179472984649e+00,2.549999420483025858e+00,3.513226206443107458e+01,1.725447179472984649e+00,3.356494880922852531e+01,2.362790188775344191e+00
1.502624559436997060e+03,2.296544810064915509e-01,3.200922970052018712e+01,3.513343258515775602e+01,1.725396260663359715e+00,2.549999419212154894e+00,3.513343258515775602e+01,1.725396260663359715e+00,3.356615569230435625e+01,2.362765284302556612e+00
1.502854213918003552e+03,2.296544810064915509e-01,3.201041237574170850e+01,3.513460552168757545e+01,1.725345347141902463e+00,2.549999417938876523e+00,3.513460552168757545e+01,1.725345347141902463e+00,3.356736274016431310e+01,2.362740380600069745e+00
1.503083868399010044e+03,2.296544810064915509e-01,3.201159513940930879e+01,3.513578075701088466e+01,1.725294438917100104e+00,2.549999416663187191e+00,3.513578075701088466e+01,1.725294438917100104e+00,3.356856995217428619e+01,2.362715477667805430e+00
1.503313522880016535e+03,2.296544810064915509e-01,3.201277799142689418e+01,3.513695818718314001e+01,1.725243535996336952e+00,2.549999415385083346e+00,3.513695818718314001e+01,1.725243535996336952e+00,3.356977732772954681e+01,2.362690575505685509e+00
1.503543177361023027e+03,2.296544810064915509e-01,3.201396093169807244e+01,3.513813771922897189e+01,1.725192638386073840e+00,2.549999414104560547e+00,3.513813771922897189e+01,1.725192638386073840e+00,3.357098486625162082e+01,2.362665674113632264e+00
1.503842327514829094e+03,2.991501538060674648e-01,3.201550197336004544e+01,3.513967720404036754e+01,1.725126346638874208e+00,2.549999412432905732e+00,3.513967720404036754e+01,1.725126346638874208e+00,3.357255806112733154e+01,2.362633238473628161e+00
1.504141477668635162e+03,2.991501538060674648e-01,3.201704316439150944e+01,3.514121994925584147e+01,1.725060063922908338e+00,2.549999410757132878e+00,3.514121994925584147e+01,1.725060063922908338e+00,3.357413153041261467e+01,2.362600804139962207e+00
1.504440627822441229e+03,2.991501538060674648e-01,3.201858450457714156e+01,3.514276580857947607e+01,1.724993790247468350e+00,2.549999409077232215e+00,3.514276580857947607e+01,1.724993790247468350e+00,3.357570527299037622e+01,2.362568371112460319e+00
1.504739777976247296e+03,2.991501538060674648e-01,3.202012599370076629e+01,3.514431465063426430e+01,1.724927525620590041e+00,2.549999407393196194e+00,3.514431465063426430e+01,1.724927525620590041e+00,3.357727928779175386e+01,2.362535939390948414e+00
1.505038928130053364e+03,2.991501538060674648e-01,3.202166763154531282e+01,3.514586635673828852e+01,1.724861270049241169e+00,2.549999405705016375e+00,3.514586635673828852e+01,1.724861270049241169e+00,3.357885357379139890e+01,2.362503508975256850e+00
1.505418046769993680e+03,3.791186399403159157e-01,3.202362159162991873e+01,3.514783681022174733e+01,1.724777316131854255e+00,2.549999403559587208e+00,3.514783681022174733e+01,1.724777316131854255e+00,3.358084908426589266e+01,2.362462411172748578e+00
1.505797165409933996e+03,3.791186399403159157e-01,3.202557578977900477e+01,3.514981149354533585e+01,1.724693376778680509e+00,2.549999401407471389e+00,3.514981149354533585e+01,1.724693376778680509e+00,3.358284502680739081e+01,2.362421315466878280e+00
1.506176284049874312e+03,3.791186399403159157e-01,3.202753022554457374e+01,3.515179022916329643e+01,1.724609451998521781e+00,2.549999399248651599e+00,3.515179022916329643e+01,1.724609451998521781e+00,3.358484139957620584e+01,2.362380221857293794e+00
1.506555402689814628e+03,3.791186399403159157e-01,3.202948489847629787e+01,3.515377285618360048e+01,1.724525541798781703e+00,2.549999397083110964e+00,3.515377285618360048e+01,1.724525541798781703e+00,3.358683820080727855e+01,2.362339130343641624e+00
1.506934521329754944e+03,3.791186399403159157e-01,3.203143980812148328e+01,3.515575922806269915e+01,1.724441646185661314e+00,2.549999394910831718e+00,3.515575922806269915e+01,1.724441646185661314e+00,3.358883542880348472e+01,2.362298040925566944e+00
1.507404162164302306e+03,4.696408345473628287e-01,3.203386181929293031e+01,3.515822487912776495e+01,1.724337739043161788e+00,2.549999392210506866e+00,3.515822487912776495e+01,1.724337739043161788e+00,3.359131012445858033e+01,2.362247143488460210e+00
1.507873802998849669e+03,4.696408345473628287e-01,3.203628419214460621e+01,3.516069583999705372e+01,1.724233854300309066e+00,2.549999389499781888e+00,3.516069583999705372e+01,1.724233854300309066e+00,3.359378546951490563e+01,2.362196249265909653e+00
1.508343443833397032e+03,4.696408345473628287e-01,3.203870692580058233e+01,3.516317190054731157e+01,1.724129991963164965e+00,2.549999386778623034e+00,3.516317190054731157e+01,1.724129991963164965e+00,3.359626146110778677e+01,2.362145358257240257e+00
1.508813084667944395e+03,4.696408345473628287e-01,3.204113001937911775e+01,3.516565286891530207e+01,1.724026152036268744e+00,2.549999384046997442e+00,3.516565286891530207e+01,1.724026152036268744e+00,3.359873809648247800e+01,2.362094470461781004e+00
1.509282725502491758e+03,4.696408345473628287e-01,3.204355347199265225e+01,3.516813856914483694e+01,1.723922334522835165e+00,2.549999381304871360e+00,3.516813856914483694e+01,1.723922334522835165e+00,3.360121537298511640e+01,2.362043585878855989e+00
1.509866796922783578e+03,5.840714202918206865e-01,3.204656791179906605e+01,3.517123628275732727e+01,1.723793252571811374e+00,2.549999377879911044e+00,3.517123628275732727e+01,1.723793252571811374e+00,3.360429714222961195e+01,2.361980307466995832e+00
1.510450868343075399e+03,5.840714202918206865e-01,3.204958290380354669e+01,3.517434078021088339e+01,1.723664205292084972e+00,2.549999374438593147e+00,3.517434078021088339e+01,1.723664205292084972e+00,3.360737989439677875e+01,2.361917034021557615e+00
1.511034939763367220e+03,5.840714202918206865e-01,3.205259844626014853e+01,3.517745180113477943e+01,1.723535192683365747e+00,2.549999370980853719e+00,3.517745180113477943e+01,1.723535192683365747e+00,3.361046362493043915e+01,2.361853765541245487e+00
1.511619011183659040e+03,5.840714202918206865e-01,3.205561453740831013e+01,3.518056910695147366e+01,1.723406214743565368e+00,2.549999367506627923e+00,3.518056910695147366e+01,1.723406214743565368e+00,3.361354832944517312e+01,2.361790502024765814e+00
1.512203082603950861e+03,5.840714202918206865e-01,3.205863117547273333e+01,3.518369247816706746e+01,1.723277271469027427e+00,2.549999364015849590e+00,3.518369247816706746e+01,1.723277271469027427e+00,3.361663400371270427e+01,2.361727243470820525e+00
1.512787154024242682e+03,5.840714202918206865e-01,3.206164835866319862e+01,3.518682171197364994e+01,1.723148362854727278e+00,2.549999360508454327e+00,3.518682171197364994e+01,1.723148362854727278e+00,3.361972064364947244e+01,2.361663989878114656e+00
1.513642431680794743e+03,8.552776565520616714e-01,3.206606751282627243e+01,3.519141415552048358e+01,1.722959659667268495e+00,2.549999355342324581e+00,3.519141415552048358e+01,1.722959659667268495e+00,3.362424226028441865e+01,2.361571374222133368e+00
1.514497709337346805e+03,8.552776565520616714e-01,3.207048782629274797e+01,3.519601822788360579e+01,1.722771030764112421e+00,2.549999350140215615e+00,3.519601822788360579e+01,1.722771030764112421e+00,3.362876592721539737e+01,2.361478769197614902e+00
1.515352986993898867e+03,8.552776565520616714e-01,3.207490929326413465e+01,3.520063343839407111e+01,1.722582476117612060e+00,2.549999344901919152e+00,3.520063343839407111e+01,1.722582476117612060e+00,3.363329163302876168e+01,2.361386174800493176e+00
1.516208264650450928e+03,8.552776565520616714e-01,3.207933190787009892e+01,3.520525934043403993e+01,1.722393995696580582e+00,2.549999339627227801e+00,3.520525934043403993e+01,1.722393995696580582e+00,3.363781936678079632e+01,2.361293591026704330e+00
1.517063542307002990e+03,8.552776565520616714e-01,3.208375566416761870e+01,3.520989552552293134e+01,1.722205589466788034e+00,2.549999334315931510e+00,3.520989552552293134e+01,1.722205589466788034e+00,3.364234911795695382e+01,2.361201017872186725e+00
1.517918819963555052e+03,8.552776565520616714e-01,3.208818055614018760e+01,3.521454161821040429e+01,1.722017257391388334e+00,2.549999328967819778e+00,3.521454161821040429e+01,1.722017257391388334e+00,3.364688087643560976e+01,2.361108455332881384e+00
1.518971127414389684e+03,1.052307450834632618e+00,3.209362635703124056e+01,3.522027111287529522e+01,1.721785641058625638e+00,2.549999322336841345e+00,3.522027111287529522e+01,1.721785641058625638e+00,3.365245935316974624e+01,2.360994583776632627e+00
1.520023434865224317e+03,1.052307450834632618e+00,3.209907385639218802e+01,3.522601448975100169e+01,1.721554136845164340e+00,2.549999315649416509e+00,3.522601448975100169e+01,1.721554136845164340e+00,3.365804083633275212e+01,2.360880728276089968e+00
1.521075742316058950e+03,1.052307450834632618e+00,3.210452304254967970e+01,3.523177120650171190e+01,1.721322744670167992e+00,2.549999308905147810e+00,3.523177120650171190e+01,1.721322744670167992e+00,3.366362530913330886e+01,2.360766888823701226e+00
1.522128049766893582e+03,1.052307450834632618e+00,3.210997390365553628e+01,3.523754076527407619e+01,1.721091464449413300e+00,2.549999302103636012e+00,3.523754076527407619e+01,1.721091464449413300e+00,3.366921275542189562e+01,2.360653065411927098e+00
1.523180357217728215e+03,1.052307450834632618e+00,3.211542642768545619e+01,3.524332270716855930e+01,1.720860296095751529e+00,2.549999295244478770e+00,3.524332270716855930e+01,1.720860296095751529e+00,3.367480315963946680e+01,2.360539258033227838e+00
1.524232664668562848e+03,1.052307450834632618e+00,3.212088060243797827e+01,3.524911660753121367e+01,1.720629239519498199e+00,2.549999288327271962e+00,3.524911660753121367e+01,1.720629239519498199e+00,3.368039650677155095e+01,2.360425466680073914e+00
1.525525441740016277e+03,1.292777071453429016e+00,3.212758338753842935e+01,3.525625030116233916e+01,1.720345535576850438e+00,2.549999279749307846e+00,3.525625030116233916e+01,1.720345535576850438e+00,3.368727203321630270e+01,2.360285694050661576e+00
1.526818218811469706e+03,1.292777071453429016e+00,3.213428862197922342e+01,3.526340077438479170e+01,1.720062000021365334e+00,2.549999271082362018e+00,3.526340077438479170e+01,1.720062000021365334e+00,3.369415195345315794e+01,2.360145945582551974e+00
1.528110995882923135e+03,1.292777071453429016e+00,3.214099628203039316e+01,3.527056740586584027e+01,1.719778632674862529e+00,2.549999262325671978e+00,3.527056740586584027e+01,1.719778632674862529e+00,3.370103624252200092e+01,2.360006221261821580e+00
1.529403772954376564e+03,1.292777071453429016e+00,3.214770634355423340e+01,3.527774962216969357e+01,1.719495433355868519e+00,2.549999253478469896e+00,3.527774962216969357e+01,1.719495433355868519e+00,3.370792487636822443e+01,2.359866521074558410e+00
1.530696550025829993e+03,1.292777071453429016e+00,3.215441878200597614e+01,3.528494689223976621e+01,1.719212401880070740e+00,2.549999244539982612e+00,3.528494689223976621e+01,1.719212401880070740e+00,3.371481783177439695e+01,2.359726845006870466e+00
1.531989327097283422e+03,1.292777071453429016e+00,3.216113357243535376e+01,3.529215872265997689e+01,1.718929538060701256e+00,2.549999235509433415e+00,3.529215872265997689e+01,1.718929538060701256e+00,3.372171508629897829e+01,2.359587193044878184e+00
1.533567661225555639e+03,1.578334128272217640e+00,3.216933472140304673e+01,3.530098262258438524e+01,1.718584420451371608e+00,2.549999224358206806e+00,3.530098262258438524e+01,1.718584420451371608e+00,3.373014164838934192e+01,2.359416726504445005e+00
1.535145995353827857e+03,1.578334128272217640e+00,3.217753929138395108e+01,3.530982676610307891e+01,1.718239552115527813e+00,2.549999213067152937e+00,3.530982676610307891e+01,1.718239552115527813e+00,3.373857454808278078e+01,2.359246295849231512e+00
1.536724329482100075e+03,1.578334128272217640e+00,3.218574723455778752e+01,3.531869043643005313e+01,1.717894932702219268e+00,2.549999201634826740e+00,3.531869043643005313e+01,1.717894932702219268e+00,3.374701374858393166e+01,2.359075901054073388e+00
1.538302663610372292e+03,1.578334128272217640e+00,3.219395850224536559e+01,3.532757296960841842e+01,1.717550561857525304e+00,2.549999190059770271e+00,3.532757296960841842e+01,1.717550561857525304e+00,3.375545921437490193e+01,2.358905542093844954e+00
1.539880997738644510e+03,1.578334128272217640e+00,3.220217304492926758e+01,3.533647374876812108e+01,1.717206439225012593e+00,2.549999178340514927e+00,3.533647374876812108e+01,1.717206439225012593e+00,3.376391091112301979e+01,2.358735218943455614e+00
1.541459331866916727e+03,1.578334128272217640e+00,3.221039081227939960e+01,3.534539219913374808e+01,1.716862564446129946e+00,2.549999166475579226e+00,3.534539219913374808e+01,1.716862564446129946e+00,3.377236880559765098e+01,2.358564931577849855e+00
1.543361890178530530e+03,1.902558311613802289e+00,3.222030090159091031e+01,3.535616542249660199e+01,1.716448379246037437e+00,2.549999151977565770e+00,3.535616542249660199e+01,1.716448379246037437e+00,3.378257232823909817e+01,2.358359711011680737e+00
1.545264448490144332e+03,1.902558311613802289e+00,3.223021551121462380e+01,3.536696266954641032e+01,1.716034553029933463e+00,2.549999137263068594e+00,3.536696266954641032e+01,1.716034553029933463e+00,3.379278475513733326e+01,2.358154542362192352e+00
1.547167006801758134e+03,1.902558311613802289e+00,3.224013454873492890e+01,3.537778312938792169e+01,1.715621085161287640e+00,2.549999122329426715e+00,3.537778312938792169e+01,1.715621085161287640e+00,3.380300603361109069e+01,2.357949425585711634e+00
1.549069565113371937e+03,1.902558311613802289e+00,3.225005792040705899e+01,3.538862604855004435e+01,1.715207975001539653e+00,2.549999107173955171e+00,3.538862604855004435e+01,1.715207975001539653e+00,3.381323611272377860e+01,2.357744360638645009e+00
1.550972123424985739e+03,1.902558311613802289e+00,3.225998553130933999e+01,3.539949072503509342e+01,1.714795221910552003e+00,2.549999091793942352e+00,3.539949072503509342e+01,1.714795221910552003e+00,3.382347494316221770e+01,2.357539347477473957e+00
1.552874681736599541e+03,1.902558311613802289e+00,3.226991728551498539e+01,3.541037650310943263e+01,1.714382825247002362e+00,2.549999076186652669e+00,3.541037650310943263e+01,1.714382825247002362e+00,3.383372247712686942e+01,2.357334386058760778e+00
1.555139176760553028e+03,2.264495023953486452e+00,3.228174369187646420e+01,3.542335981388335853e+01,1.713892439233874132e+00,2.549999057310208705e+00,3.542335981388335853e+01,1.713892439233874132e+00,3.384593075014898744e+01,2.357090500807690336e+00
1.557403671784506514e+03,2.264495023953486452e+00,3.229357566662717716e+01,3.543637118484347326e+01,1.713402556164998147e+00,2.549999038103174076e+00,3.543637118484347326e+01,1.713402556164998147e+00,3.385815121171985709e+01,2.356846688723890804e+00
1.559668166808460001e+03,2.264495023953486452e+00,3.230541304488688326e+01,3.544940971817902664e+01,1.712913174956014695e+00,2.549999018560793917e+00,3.544940971817902664e+01,1.712913174956014695e+00,3.387038378853427645e+01,2.356602949734551089e+00
1.560000000000000000e+03,3.318331915399994614e-01,3.230714810740937537e+01,3.545132258156328220e+01,1.712841504404414295e+00,2.549999015668645619e+00,3.545132258156328220e+01,1.712841504404414295e+00,3.387217733186749768e+01,2.356567238995051827e+00
1.560000029069600942e+03,2.906960094151145313e-05,3.230714825941105772e+01,3.545132274914139714e+01,1.712841498126326467e+00,2.549999015668392044e+00,3.545132274914139714e+01,1.712841498126326467e+00,3.387217748899868752e+01,2.356567235866749321e+00
1.560000058139201883e+03,2.906960094151145313e-05,3.230714841141274718e+01,3.545132291670779523e+01,1.712841491848239084e+00,2.549999015668138469e+00,3.545132291670779523e+01,1.712841491848239084e+00,3.387217764612987736e+01,2.356567232738449036e+00
1.560000348835211298e+03,2.906960094151145313e-04,3.230714993142971281e+01,3.545132459195391306e+01,1.712841429067389232e+00,2.549999015665601831e+00,3.545132459195391306e+01,1.712841429067389232e+00,3.387217921744152704e+01,2.356567201455438632e+00
1.560000639531220713e+03,2.906960094151145313e-04,3.230715145144676370e+01,3.545132626687940558e+01,1.712841366286559808e+00,2.549999015663064750e+00,3.545132626687940558e+01,1.712841366286559808e+00,3.387218078875292093e+01,2.356567170172429559e+00
1.560003546491314864e+03,2.906960094151145313e-03,3.230716665162463386e+01,3.545134300332982491e+01,1.712840738479444402e+00,2.549999015637696154e+00,3.545134300332982491e+01,1.712840738479444402e+00,3.387219650184288611e+01,2.356566857342440979e+00
1.560006453451409016e+03,2.906960094151145313e-03,3.230718185181090263e+01,3.545135972980044414e+01,1.712840110673499616e+00,2.549999015612326669e+00,3.545135972980044414e+01,1.712840110673499616e+00,3.387221221490568013e+01,2.356566544512570971e+00
1.560013933426978383e+03,7.479975569367525168e-03,3.230722096384577213e+01,3.545140273996874924e+01,1.712838495253941717e+00,2.549999015547046444e+00,3.545140273996874924e+01,1.712838495253941717e+00,3.387225264648733258e+01,2.356565739562289430e+00
1.560021413402547751e+03,7.479975569367525168e-03,3.230726007593535343e+01,3.545144571282782664e+01,1.712836879840998749e+00,2.549999015481762221e+00,3.545144571282782664e+01,1.712836879840998749e+00,3.387229307789247201e+01,2.356564934612775719e+00
1.560028893378117118e+03,7.479975569367525168e-03,3.230729918808118128e+01,3.545148865587034948e+01,1.712835264434547922e+00,2.549999015416474002e+00,3.545148865587034948e+01,1.712835264434547922e+00,3.387233350911637331e+01,2.356564129664052487e+00
1.560042629997844415e+03,1.373661972729678382e-02,3.230737101582602833e+01,3.545156745361938277e+01,1.712832297833899231e+00,2.549999015296565918e+00,3.545156745361938277e+01,1.712832297833899231e+00,3.387240775866372644e+01,2.356562651416036491e+00
1.560056366617571712e+03,1.373661972729678382e-02,3.230744284376307007e+01,3.545164618215606822e+01,1.712829331254256404e+00,2.549999015176645845e+00,3.545164618215606822e+01,1.712829331254256404e+00,3.387248200759368899e+01,2.356561173170720558e+00
1.560070103237299008e+03,1.373661972729678382e-02,3.230751467189214310e+01,3.545172485061284817e+01,1.712826364695276604e+00,2.549999015056712892e+00,3.545172485061284817e+01,1.712826364695276604e+00,3.387255625590778862e+01,2.356559694928100690e+00
1.560083839857026305e+03,1.373661972729678382e-02,3.230758650021288503e+01,3.545180346491924439e+01,1.712823398156715804e+00,2.549999014936767061e+00,3.545180346491924439e+01,1.712823398156715804e+00,3.387263050360792249e+01,2.356558216688173335e+00
1.560107039038308358e+03,2.319918128205245011e-02,3.230770780838356160e+01,3.545193612265800454e+01,1.712818388144311088e+00,2.549999014734167790e+00,3.545193612265800454e+01,1.712818388144311088e+00,3.387275589593686931e+01,2.356555720158986400e+00
1.560130238219590410e+03,2.319918128205245011e-02,3.230782911710053895e+01,3.545206865676031782e+01,1.712813378189018687e+00,2.549999014531532548e+00,3.545206865676031782e+01,1.712813378189018687e+00,3.387288128652100738e+01,2.356553223637475991e+00
1.560153437400872463e+03,2.319918128205245011e-02,3.230795042636373893e+01,3.545220107950260058e+01,1.712808368290405170e+00,2.549999014328861779e+00,3.545220107950260058e+01,1.712808368290405170e+00,3.387300667536321441e+01,2.356550727123644773e+00
1.560176636582154515e+03,2.319918128205245011e-02,3.230807173617306205e+01,3.545233339969225028e+01,1.712803358448157232e+00,2.549999014126155483e+00,3.545233339969225028e+01,1.712803358448157232e+00,3.387313206246613362e+01,2.356548230617493633e+00
1.560216053066723362e+03,3.941648456884649931e-02,3.230827784841498129e+01,3.545255800144173008e+01,1.712794846622467171e+00,2.549999013781664825e+00,3.545255800144173008e+01,1.712794846622467171e+00,3.387334509698678175e+01,2.356543988955406732e+00
1.560255469551292208e+03,3.941648456884649931e-02,3.230848396223200325e+01,3.545278235534952671e+01,1.712786334957739243e+00,2.549999013437071138e+00,3.545278235534952671e+01,1.712786334957739243e+00,3.387355812650645959e+01,2.356539747315488764e+00
1.560294886035861055e+03,3.941648456884649931e-02,3.230869007762322553e+01,3.545300648278948330e+01,1.712777823453193404e+00,2.549999013092374422e+00,3.545300648278948330e+01,1.712777823453193404e+00,3.387377115103623737e+01,2.356535505697739286e+00
1.560334302520429901e+03,3.941648456884649931e-02,3.230889619458777418e+01,3.545323040003233928e+01,1.712769312108235908e+00,2.549999012747573790e+00,3.545323040003233928e+01,1.712769312108235908e+00,3.387398417058621902e+01,2.356531264102156520e+00
1.560391897246204280e+03,5.759472577437918517e-02,3.230919737216919430e+01,3.545355723271447346e+01,1.712756875755494956e+00,2.549999012243570728e+00,3.545355723271447346e+01,1.712756875755494956e+00,3.387429542235069846e+01,2.356525066391577994e+00
1.560449491971978659e+03,5.759472577437918517e-02,3.230949855310520746e+01,3.545388367908753935e+01,1.712744439741199498e+00,2.549999011739346511e+00,3.545388367908753935e+01,1.712744439741199498e+00,3.387460666353009486e+01,2.356518868728328275e+00
1.560507086697753039e+03,5.759472577437918517e-02,3.230979973739310651e+01,3.545420976679647396e+01,1.712732004064333680e+00,2.549999011234901580e+00,3.545420976679647396e+01,1.712732004064333680e+00,3.387491789414959698e+01,2.356512671112402479e+00
1.560564681423527418e+03,5.759472577437918517e-02,3.231010092503017717e+01,3.545453551814972570e+01,1.712719568724074160e+00,2.549999010730235049e+00,3.545453551814972570e+01,1.712719568724074160e+00,3.387522911423264560e+01,2.356506473543800606e+00
1.560648527890823061e+03,8.384646729564337875e-02,3.231053940031616634e+01,3.545500918470274598e+01,1.712701465941857570e+00,2.549999009995145727e+00,3.545500918470274598e+01,1.712701465941857570e+00,3.387568216999405024e+01,2.356497451200974869e+00
1.560732374358118705e+03,8.384646729564337875e-02,3.231097788268614579e+01,3.545548222625563284e+01,1.712683363869762720e+00,2.549999009259587446e+00,3.545548222625563284e+01,1.712683363869762720e+00,3.387613520353512087e+01,2.356488428958438242e+00
1.560816220825414348e+03,8.384646729564337875e-02,3.231141637213177376e+01,3.545595468262083472e+01,1.712665262506296360e+00,2.549999008523559318e+00,3.545595468262083472e+01,1.712665262506296360e+00,3.387658821491513805e+01,2.356479406816188504e+00
1.560900067292709991e+03,8.384646729564337875e-02,3.231185486864468714e+01,3.545642658775207678e+01,1.712647161850175959e+00,2.549999007787061345e+00,3.545642658775207678e+01,1.712647161850175959e+00,3.387704120418989362e+01,2.356470384774222104e+00
1.560983913760005635e+03,8.384646729564337875e-02,3.231229337221653708e+01,3.545689797071990768e+01,1.712629061900296179e+00,2.549999007050093969e+00,3.545689797071990768e+01,1.712629061900296179e+00,3.387749417141223063e+01,2.356461362832534157e+00
1.561116711917015891e+03,1.327981570102565456e-01,3.231298789969523710e+01,3.545764355110797084e+01,1.712600396184335905e+00,2.549999005881903535e+00,3.545764355110797084e+01,1.712600396184335905e+00,3.387821154736216300e+01,2.356447073858126462e+00
1.561249510074026148e+03,1.327981570102565456e-01,3.231368244482717245e+01,3.545838796813905702e+01,1.712571732234326793e+00,2.549999004712532713e+00,3.545838796813905702e+01,1.712571732234326793e+00,3.387892886830598371e+01,2.356432785135243790e+00
1.561382308231036404e+03,1.327981570102565456e-01,3.231437700757918208e+01,3.545913129211540138e+01,1.712543070047505944e+00,2.549999003541980613e+00,3.545913129211540138e+01,1.712543070047505944e+00,3.387964613441899075e+01,2.356418496663872375e+00
1.561515106388046661e+03,1.327981570102565456e-01,3.231507158791811918e+01,3.545987358347366580e+01,1.712514409621466838e+00,2.549999002370246348e+00,3.545987358347366580e+01,1.712514409621466838e+00,3.388036334586649900e+01,2.356404208443994452e+00
1.561647904545056917e+03,1.327981570102565456e-01,3.231576618581084404e+01,3.546061489461882132e+01,1.712485750954092945e+00,2.549999001197328141e+00,3.546061489461882132e+01,1.712485750954092945e+00,3.388108050280526840e+01,2.356389920475598476e+00
1.561829670515079215e+03,1.817659700222975516e-01,3.231671693718815419e+01,3.546162804935392643e+01,1.712446527575997468e+00,2.549998999589989879e+00,3.546162804935392643e+01,1.712446527575997468e+00,3.388206201513155236e+01,2.356370364388685079e+00
1.562011436485101513e+03,1.817659700222975516e-01,3.231766772130455934e+01,3.546263955395376399e+01,1.712407307484944852e+00,2.549998997980429838e+00,3.546263955395376399e+01,1.712407307484944852e+00,3.388304342597929519e+01,2.356350808772838423e+00
1.562193202455123810e+03,1.817659700222975516e-01,3.231861853807517804e+01,3.546364949537483113e+01,1.712368090677219401e+00,2.549998996368646242e+00,3.546364949537483113e+01,1.712368090677219401e+00,3.388402473569045270e+01,2.356331253628023426e+00
1.562374968425146108e+03,1.817659700222975516e-01,3.231956938741519281e+01,3.546465794988252895e+01,1.712328877149491335e+00,2.549998994754635984e+00,3.546465794988252895e+01,1.712328877149491335e+00,3.388500594458984239e+01,2.356311698954201006e+00
1.562556734395168405e+03,1.817659700222975516e-01,3.232052026923983590e+01,3.546566498487077723e+01,1.712289666898752394e+00,2.549998993138396841e+00,3.546566498487077723e+01,1.712289666898752394e+00,3.388598705298721825e+01,2.356292144751332529e+00
1.562802980118579399e+03,2.462457234109933779e-01,3.232180851903331131e+01,3.546702709786564611e+01,1.712236552405607126e+00,2.549998990945252508e+00,3.546702709786564611e+01,1.712236552405607126e+00,3.388731604050315127e+01,2.356265654631631623e+00
1.563049225841990392e+03,2.462457234109933779e-01,3.232309682808055129e+01,3.546838684585764412e+01,1.712183443915627823e+00,2.549998988748006123e+00,3.546838684585764412e+01,1.712183443915627823e+00,3.388864484480892258e+01,2.356239165376119882e+00
1.563295471565401385e+03,2.462457234109933779e-01,3.232438519617124228e+01,3.546974434335386661e+01,1.712130341423248936e+00,2.549998986546651469e+00,3.546974434335386661e+01,1.712130341423248936e+00,3.388997346657017573e+01,2.356212676984700494e+00
1.563541717288812379e+03,2.462457234109933779e-01,3.232567362309527681e+01,3.547109969200867852e+01,1.712077244923369879e+00,2.549998984341182329e+00,3.547109969200867852e+01,1.712077244923369879e+00,3.389130190642168117e+01,2.356186189457280200e+00
1.563787963012223372e+03,2.462457234109933779e-01,3.232696210864273922e+01,3.547245298269097447e+01,1.712024154411279309e+00,2.549998982131592484e+00,3.547245298269097447e+01,1.712024154411279309e+00,3.389263016497075398e+01,2.356159702793764854e+00
1.564109029063193702e+03,3.210660509703302523e-01,3.232864218071380691e+01,3.547421450623183858e+01,1.711954941642590100e+00,2.549998979244432196e+00,3.547421450623183858e+01,1.711954941642590100e+00,3.389436173579467493e+01,2.356125169609310177e+00
1.564430095114164033e+03,3.210660509703302523e-01,3.233032235162458790e+01,3.547597283070820140e+01,1.711885739036785870e+00,2.549998976350241087e+00,3.547597283070820140e+01,1.711885739036785870e+00,3.389609300062476649e+01,2.356090637893133000e+00
1.564751161165134363e+03,3.210660509703302523e-01,3.233200262091153832e+01,3.547772809919442949e+01,1.711816546585533505e+00,2.549998973449005835e+00,3.547772809919442949e+01,1.711816546585533505e+00,3.389782396063748138e+01,2.356056107645023268e+00
1.565072227216104693e+03,3.210660509703302523e-01,3.233368298811182484e+01,3.547948044008342094e+01,1.711747364281031691e+00,2.549998970540712229e+00,3.547948044008342094e+01,1.711747364281031691e+00,3.389955461695868877e+01,2.356021578864772259e+00
1.565393293267075023e+03,3.210660509703302523e-01,3.233536345276338153e+01,3.548122996928150741e+01,1.711678192115930752e+00,2.549998967625346058e+00,3.548122996928150741e+01,1.711678192115930752e+00,3.390128497066861257e+01,2.355987051552172584e+00
1.565800498452634656e+03,4.072051855596328096e-01,3.233749491042464541e+01,3.548344500099479859e+01,1.711590476254804205e+00,2.549998963917618156e+00,3.548344500099479859e+01,1.711590476254804205e+00,3.390347912906037209e+01,2.355943262982838959e+00
1.566207703638194289e+03,4.072051855596328096e-01,3.233962652316119346e+01,3.548565587167178847e+01,1.711502776678932358e+00,2.549998960198461173e+00,3.548565587167178847e+01,1.711502776678932358e+00,3.390567280438299491e+01,2.355899476773552159e+00
1.566614908823753922e+03,4.072051855596328096e-01,3.234175829003608271e+01,3.548786275470109075e+01,1.711415093375606933e+00,2.549998956467847577e+00,3.548786275470109075e+01,1.711415093375606933e+00,3.390786599858056860e+01,2.355855692923889855e+00
1.567022114009313555e+03,4.072051855596328096e-01,3.234389021011471499e+01,3.549006580708519465e+01,1.711327426332714285e+00,2.549998952725747614e+00,3.549006580708519465e+01,1.711327426332714285e+00,3.391005871351904233e+01,2.355811911433428385e+00
1.567429319194873187e+03,4.072051855596328096e-01,3.234602228246495770e+01,3.549226517171644701e+01,1.711239775538653918e+00,2.549998948972132418e+00,3.549226517171644701e+01,1.711239775538653918e+00,3.391225095099309073e+01,2.355768132301741424e+00
1.567934066816432050e+03,5.047476215588631021e-01,3.234866528403483699e+01,3.549498645124602803e+01,1.711131151301220621e+00,2.549998944303344395e+00,3.549498645124602803e+01,1.711131151301220621e+00,3.391496765962097726e+01,2.355713869535818183e+00
1.568438814437990914e+03,5.047476215588631021e-01,3.235130851637170935e+01,3.549770249082361318e+01,1.711022551991975948e+00,2.549998939616763050e+00,3.549770249082361318e+01,1.711022551991975948e+00,3.391768364046315298e+01,2.355659610392609515e+00
1.568943562059549777e+03,5.047476215588631021e-01,3.235395197771762099e+01,3.550041349520445522e+01,1.710913977591280277e+00,2.549998934912332871e+00,3.550041349520445522e+01,1.710913977591280277e+00,3.392039889655868734e+01,2.355605354871311174e+00
1.569448309681108640e+03,5.047476215588631021e-01,3.235659566632161699e+01,3.550311965119153967e+01,1.710805428080149904e+00,2.549998930189997903e+00,3.550311965119153967e+01,1.710805428080149904e+00,3.392311343083159869e+01,2.355551102971119359e+00
1.569953057302667503e+03,5.047476215588631021e-01,3.235923958044005389e+01,3.550582112995854800e+01,1.710696903440173333e+00,2.549998925449702192e+00,3.550582112995854800e+01,1.710696903440173333e+00,3.392582724610040401e+01,2.355496854691228492e+00
1.570580666029780332e+03,6.276087271128290013e-01,3.236252736416208364e+01,3.550917389082805897e+01,1.710561997374734577e+00,2.549998919530431341e+00,3.550917389082805897e+01,1.710561997374734577e+00,3.392920063503212447e+01,2.355429406833362993e+00
1.571208274756893161e+03,6.276087271128290013e-01,3.236581549054172058e+01,3.551251993974462096e+01,1.710427129700730520e+00,2.549998913583197080e+00,3.551251993974462096e+01,1.710427129700730520e+00,3.393257292157279181e+01,2.355361964569956612e+00
1.571835883484005990e+03,6.276087271128290013e-01,3.236910395627862869e+01,3.551585952919842271e+01,1.710292300385582553e+00,2.549998907607891052e+00,3.551585952919842271e+01,1.710292300385582553e+00,3.393594411056823645e+01,2.355294527899467916e+00
1.572463492211118819e+03,6.276087271128290013e-01,3.237239275809323402e+01,3.551919289034204041e+01,1.710157509397501441e+00,2.549998901604404011e+00,3.551919289034204041e+01,1.710157509397501441e+00,3.393931420668643284e+01,2.355227096820357247e+00
1.573091100938231648e+03,6.276087271128290013e-01,3.237568189272759156e+01,3.552252023565607431e+01,1.710022756705390945e+00,2.549998895572627156e+00,3.552252023565607431e+01,1.710022756705390945e+00,3.394268321443176717e+01,2.355159671331084947e+00
1.573718709665344477e+03,6.276087271128290013e-01,3.237897135694624495e+01,3.552584176130715576e+01,1.709888042278763676e+00,2.549998889512451239e+00,3.552584176130715576e+01,1.709888042278763676e+00,3.394605113815818953e+01,2.355092251430113137e+00
1.574638262834237139e+03,9.195531688926621428e-01,3.238379156812849402e+01,3.553069822543535139e+01,1.709690731851827739e+00,2.549998880581749283e+00,3.553069822543535139e+01,1.709690731851827739e+00,3.395098376838299004e+01,2.354993479936051681e+00
1.575557816003129801e+03,9.195531688926621428e-01,3.238861246993744913e+01,3.553554310785601444e+01,1.709493503413643145e+00,2.549998871589500116e+00,3.553554310785601444e+01,1.709493503413643145e+00,3.395591409330821620e+01,2.354894720430391164e+00
1.576477369172022463e+03,9.195531688926621428e-01,3.239343405248154539e+01,3.554037688265083261e+01,1.709296356873700296e+00,2.549998862535355570e+00,3.554037688265083261e+01,1.709296356873700296e+00,3.396084212516350220e+01,2.354795972908309665e+00
1.577396922340915125e+03,9.195531688926621428e-01,3.239825630599145256e+01,3.554519998088983357e+01,1.709099292143132276e+00,2.549998853418966149e+00,3.554519998088983357e+01,1.709099292143132276e+00,3.396576787569053835e+01,2.354697237364988816e+00
1.578316475509807788e+03,9.195531688926621428e-01,3.240307922082520520e+01,3.555001279644598355e+01,1.708902309134504804e+00,2.549998844239981466e+00,3.555001279644598355e+01,1.708902309134504804e+00,3.397069135618587410e+01,2.354598513795618686e+00
1.579236028678700450e+03,9.195531688926621428e-01,3.240790278747309827e+01,3.555481569101485917e+01,1.708705407761635930e+00,2.549998834998048025e+00,3.555481569101485917e+01,1.708705407761635930e+00,3.397561257753889663e+01,2.354499802195391123e+00
1.580367923163960540e+03,1.131894485260090732e+00,3.241384108327569891e+01,3.556071452915988829e+01,1.708463150294205812e+00,2.549998823535033932e+00,3.556071452915988829e+01,1.708463150294205812e+00,3.398166711078022217e+01,2.354378312743541812e+00
1.581499817649220631e+03,1.131894485260090732e+00,3.241978033530344305e+01,3.556659941033510108e+01,1.708221016232449596e+00,2.549998811975444202e+00,3.556659941033510108e+01,1.708221016232449596e+00,3.398771825586911177e+01,2.354256841410625523e+00
1.582631712134480722e+03,1.131894485260090732e+00,3.242572052670834637e+01,3.557247085633106565e+01,1.707979005421720098e+00,2.549998800318611814e+00,3.557247085633106565e+01,1.707979005421720098e+00,3.399376603097987015e+01,2.354135388187707179e+00
1.583763606619740813e+03,1.131894485260090732e+00,3.243166164099073256e+01,3.557832934573786332e+01,1.707737117709140717e+00,2.549998788563867524e+00,3.557832934573786332e+01,1.707737117709140717e+00,3.399981045362281407e+01,2.354013953065866360e+00
1.584895501105000903e+03,1.131894485260090732e+00,3.243760366200984180e+01,3.558417531936815692e+01,1.707495352943409817e+00,2.549998776710538095e+00,3.558417531936815692e+01,1.707495352943409817e+00,3.400585154069791827e+01,2.353892536036189753e+00
1.586027395590260994e+03,1.131894485260090732e+00,3.244354657399370723e+01,3.559000918487168974e+01,1.707253710974636629e+00,2.549998764757945402e+00,3.559000918487168974e+01,1.707253710974636629e+00,3.401188930854268477e+01,2.353771137089776921e+00
1.587418469809143517e+03,1.391074218882522473e+00,3.245085148394652919e+01,3.559716285229973209e+01,1.706956906114736272e+00,2.549998749931501774e+00,3.559716285229973209e+01,1.706956906114736272e+00,3.401930507363011458e+01,2.353621965125050508e+00
1.588809544028026039e+03,1.391074218882522473e+00,3.245815768860215655e+01,3.560429944979512129e+01,1.706660286228086632e+00,2.549998734952834578e+00,3.560429944979512129e+01,1.706660286228086632e+00,3.402671587761297189e+01,2.353472820443172075e+00
1.590200618246908562e+03,1.391074218882522473e+00,3.246546516108891467e+01,3.561141957350316289e+01,1.706363851043577462e+00,2.549998719820665727e+00,3.561141957350316289e+01,1.706363851043577462e+00,3.403412174784358513e+01,2.353323703027688119e+00
1.591591692465791084e+03,1.391074218882522473e+00,3.247277387545572225e+01,3.561852377338780684e+01,1.706067600292256792e+00,2.549998704533707805e+00,3.561852377338780684e+01,1.706067600292256792e+00,3.404152271073962766e+01,2.353174612862164672e+00
1.592982766684673607e+03,1.391074218882522473e+00,3.248008380668785833e+01,3.562561255861835008e+01,1.705771533707137744e+00,2.549998689090667181e+00,3.562561255861835008e+01,1.705771533707137744e+00,3.404891879185495185e+01,2.353025549930194860e+00
1.594373840903556129e+03,1.391074218882522473e+00,3.248739493072011442e+01,3.563268640219018835e+01,1.705475651023032002e+00,2.549998673490240897e+00,3.563268640219018835e+01,1.705475651023032002e+00,3.405631001594294105e+01,2.352876514215394010e+00
1.596072836100079712e+03,1.698995196523583218e+00,3.249632599175882319e+01,3.564130644572061613e+01,1.705114522365585472e+00,2.549998654221175443e+00,3.564130644572061613e+01,1.705114522365585472e+00,3.406533076928351988e+01,2.352694525624487998e+00
1.597771831296603295e+03,1.698995196523583218e+00,3.250525875756125060e+01,3.564990560107280970e+01,1.704753667164640163e+00,2.549998634712976386e+00,3.564990560107280970e+01,1.704753667164640163e+00,3.407434435547745011e+01,2.352512577579475295e+00
1.599470826493126879e+03,1.698995196523583218e+00,3.251419319015298726e+01,3.565848455623319779e+01,1.704393084946326020e+00,2.549998614963219445e+00,3.565848455623319779e+01,1.704393084946326020e+00,3.408335081544628764e+01,2.352330670050647221e+00
1.601169821689650462e+03,1.698995196523583218e+00,3.252312925372257979e+01,3.566704394866619765e+01,1.704032775239701314e+00,2.549998594969463017e+00,3.566704394866619765e+01,1.704032775239701314e+00,3.409235018879146395e+01,2.352148803008345723e+00
1.602868816886174045e+03,1.698995196523583218e+00,3.253206691461058142e+01,3.567558437088151635e+01,1.703672737576552576e+00,2.549998574729247736e+00,3.567558437088151635e+01,1.703672737576552576e+00,3.410134251388930693e+01,2.351966976422965150e+00
1.604567812082697628e+03,1.698995196523583218e+00,3.254100614128732616e+01,3.568410637526687168e+01,1.703312971491220074e+00,2.549998554240095139e+00,3.568410637526687168e+01,1.703312971491220074e+00,3.411032782797634866e+01,2.351785190264949588e+00
1.606617051410918975e+03,2.049239328221347023e+00,3.255179021145983853e+01,3.569436139950027354e+01,1.702879401084479438e+00,2.549998529192391672e+00,3.569436139950027354e+01,1.702879401084479438e+00,3.412115616826457654e+01,2.351565983034802798e+00
1.608666290739140322e+03,2.049239328221347023e+00,3.256257646912536785e+01,3.570459122279138597e+01,1.702446224284827947e+00,2.549998503774484337e+00,3.570459122279138597e+01,1.702446224284827947e+00,3.413197442311277285e+01,2.351346834523488916e+00
1.610715530067361669e+03,2.049239328221347023e+00,3.257336487076940301e+01,3.571479662793051091e+01,1.702013440288329127e+00,2.549998477981914036e+00,3.571479662793051091e+01,1.702013440288329127e+00,3.414278265212692531e+01,2.351127744679439413e+00
1.612764769395583016e+03,2.049239328221347023e+00,3.258415537686465058e+01,3.572497834317824328e+01,1.701581048295353726e+00,2.549998451810183475e+00,3.572497834317824328e+01,1.701581048295353726e+00,3.415358091309797572e+01,2.350908713451189236e+00
1.614814008723804363e+03,2.049239328221347023e+00,3.259494795164395953e+01,3.573513704798816804e+01,1.701149047510371881e+00,2.549998425254754508e+00,3.573513704798816804e+01,1.701149047510371881e+00,3.416436926212555392e+01,2.350689740787378135e+00
1.616863248052025710e+03,2.049239328221347023e+00,3.260574256284270689e+01,3.574527337800773807e+01,1.700717437141768373e+00,2.549998398311049019e+00,3.574527337800773807e+01,1.700717437141768373e+00,3.417514775373023639e+01,2.350470826636752886e+00
1.619304990161841488e+03,2.441742109815777440e+00,3.261860734768382741e+01,3.575732279049341855e+01,1.700203666569285899e+00,2.549998365693286306e+00,3.575732279049341855e+01,1.700203666569285899e+00,3.418797791607568826e+01,2.350210058906316402e+00
1.620000000000000000e+03,6.950098381585121388e-01,3.262226965466057038e+01,3.576074697713546868e+01,1.700057529471618922e+00,2.549998356305987368e+00,3.576074697713546868e+01,1.700057529471618922e+00,3.419162732062358145e+01,2.350135849958023826e+00
1.620000029373620464e+03,2.937362046395719517e-05,3.262226980944765131e+01,3.576074712181684134e+01,1.700057523296282680e+00,2.549998356305589908e+00,3.576074712181684134e+01,1.700057523296282680e+00,3.419162747483691334e+01,2.350135846821828078e+00
1.620000058747240928e+03,2.937362046395719517e-05,3.262226996423473224e+01,3.576074726650670499e+01,1.700057517120946216e+00,2.549998356305192004e+00,3.576074726650670499e+01,1.700057517120946216e+00,3.419162762905025943e+01,2.350135843685632775e+00
1.620000352483445567e+03,2.937362046395719517e-04,3.262227151210559839e+01,3.576074871370769870e+01,1.700057455367577797e+00,2.549998356301214741e+00,3.576074871370769870e+01,1.700057455367577797e+00,3.419162917118374878e+01,2.350135812323677520e+00
1.620000646219650207e+03,2.937362046395719517e-04,3.262227305997649296e+01,3.576075016114072724e+01,1.700057393614208712e+00,2.549998356297237478e+00,3.576075016114072724e+01,1.700057393614208712e+00,3.419163071331738024e+01,2.350135780961723597e+00
1.620003583581696603e+03,2.937362046395719517e-03,3.262228853868897716e+01,3.576076464473135985e+01,1.700056776080884680e+00,2.549998356257465737e+00,3.576076464473135985e+01,1.700056776080884680e+00,3.419164613466634961e+01,2.350135467342283846e+00
1.620006520943742998e+03,2.937362046395719517e-03,3.262230401740540486e+01,3.576077913553594811e+01,1.700056158548094221e+00,2.549998356217692663e+00,3.576077913553594811e+01,1.700056158548094221e+00,3.419166155602967905e+01,2.350135153722961334e+00
1.620014956095670641e+03,8.435151927642436931e-03,3.262234846728331661e+01,3.576082077360299394e+01,1.700054385197175666e+00,2.549998356103473807e+00,3.576082077360299394e+01,1.700054385197175666e+00,3.419170584126119650e+01,2.350134253110499838e+00
1.620023391247598283e+03,8.435151927642436931e-03,3.262239291719342305e+01,3.576086244452720564e+01,1.700052611851485151e+00,2.549998355989247845e+00,3.576086244452720564e+01,1.700052611851485151e+00,3.419175012660911506e+01,2.350133352498990469e+00
1.620031826399525926e+03,8.435151927642436931e-03,3.262243736713654130e+01,3.576090414122302263e+01,1.700050838511424578e+00,2.549998355875015665e+00,3.576090414122302263e+01,1.700050838511424578e+00,3.419179441207612768e+01,2.350132451888459872e+00
1.620047392752726182e+03,1.556635320025634428e-02,3.262251939580129090e+01,3.576098114526890726e+01,1.700047565978903608e+00,2.549998355664192307e+00,3.576098114526890726e+01,1.700047565978903608e+00,3.419187613744083620e+01,2.350130789891147653e+00
1.620062959105926438e+03,1.556635320025634428e-02,3.262260142457981260e+01,3.576105820881675612e+01,1.700044293466778544e+00,2.549998355453345411e+00,3.576105820881675612e+01,1.700044293466778544e+00,3.419195786321402863e+01,2.350129127897205628e+00
1.620078525459126695e+03,1.556635320025634428e-02,3.262268345347202825e+01,3.576113532397574346e+01,1.700041020975302297e+00,2.549998355242475867e+00,3.576113532397574346e+01,1.700041020975302297e+00,3.419203958939439758e+01,2.350127465906631574e+00
1.620094091812326951e+03,1.556635320025634428e-02,3.262276548247776020e+01,3.576121248560858845e+01,1.700037748504614754e+00,2.549998355031582786e+00,3.576121248560858845e+01,1.700037748504614754e+00,3.419212131598045090e+01,2.350125803919421941e+00
1.620120976247490034e+03,2.688443516308325343e-02,3.262290715391601736e+01,3.576134584847000042e+01,1.700032096714699126e+00,2.549998354667298184e+00,3.576134584847000042e+01,1.700032096714699126e+00,3.419226246579953710e+01,2.350122933532020841e+00
1.620147860682653118e+03,2.688443516308325343e-02,3.262304882569270603e+01,3.576147932145150321e+01,1.700026444987740470e+00,2.549998354302944747e+00,3.576147932145150321e+01,1.700026444987740470e+00,3.419240361682235374e+01,2.350120063154649497e+00
1.620174745117816201e+03,2.688443516308325343e-02,3.262319049780784752e+01,3.576161289323722059e+01,1.700020793324131807e+00,2.549998353938522477e+00,3.576161289323722059e+01,1.700020793324131807e+00,3.419254476904582418e+01,2.350117192787311460e+00
1.620201629552979284e+03,2.688443516308325343e-02,3.262333217026140630e+01,3.576174655579313821e+01,1.700015141724150691e+00,2.549998353574030929e+00,3.576174655579313821e+01,1.700015141724150691e+00,3.419268592246707783e+01,2.350114322430004510e+00
1.620247706322971453e+03,4.607676999216892000e-02,3.262357498102431208e+01,3.576197583150749182e+01,1.700005455692917611e+00,2.549998352949175207e+00,3.576197583150749182e+01,1.700005455692917611e+00,3.419292784566046350e+01,2.350109402997429431e+00
1.620293783092963622e+03,4.607676999216892000e-02,3.262381779278088345e+01,3.576220532909143657e+01,1.699995769850079830e+00,2.549998352324116535e+00,3.576220532909143657e+01,1.699995769850079830e+00,3.419316977235155264e+01,2.350104483594322780e+00
1.620339859862955791e+03,4.607676999216892000e-02,3.262406060553083620e+01,3.576243502874933711e+01,1.699986084196295932e+00,2.549998351698855803e+00,3.576243502874933711e+01,1.699986084196295932e+00,3.419341170252876339e+01,2.350099564220685444e+00
1.620385936632947960e+03,4.607676999216892000e-02,3.262430341927390742e+01,3.576266491550081383e+01,1.699976398732062632e+00,2.549998351073392122e+00,3.576266491550081383e+01,1.699976398732062632e+00,3.419365363618160814e+01,2.350094644876515648e+00
1.620453837718230716e+03,6.790108528275595745e-02,3.262466124383620070e+01,3.576300400475210495e+01,1.699962126082815717e+00,2.549998350151307491e+00,3.576300400475210495e+01,1.699962126082815717e+00,3.419401016830308038e+01,2.350087395533008827e+00
1.620521738803513472e+03,6.790108528275595745e-02,3.262501907055379746e+01,3.576334344177051605e+01,1.699947853847140422e+00,2.549998349228782768e+00,3.576334344177051605e+01,1.699947853847140422e+00,3.419436670792246957e+01,2.350080146253492597e+00
1.620589639888796228e+03,6.790108528275595745e-02,3.262537689942586638e+01,3.576368320068372242e+01,1.699933582025884515e+00,2.549998348305817064e+00,3.576368320068372242e+01,1.699933582025884515e+00,3.419472325501304510e+01,2.350072897037965181e+00
1.620657540974078984e+03,6.790108528275595745e-02,3.262573473045157613e+01,3.576402326070089543e+01,1.699919310619723456e+00,2.549998347382410824e+00,3.576402326070089543e+01,1.699919310619723456e+00,3.419507980955008719e+01,2.350065647886425246e+00
1.620756428886791582e+03,9.888791271259833593e-02,3.262625586239721542e+01,3.576451901057066607e+01,1.699898527165848217e+00,2.549998346036817409e+00,3.576451901057066607e+01,1.699898527165848217e+00,3.419559909189930380e+01,2.350055090681178793e+00
1.620855316799504180e+03,9.888791271259833593e-02,3.262677699890634386e+01,3.576501531740949247e+01,1.699877744594991746e+00,2.549998344690288299e+00,3.576501531740949247e+01,1.699877744594991746e+00,3.419611838992609165e+01,2.350044533611638897e+00
1.620954204712216779e+03,9.888791271259833593e-02,3.262729813997643902e+01,3.576551214431326997e+01,1.699856962908316227e+00,2.549998343342823048e+00,3.576551214431326997e+01,1.699856962908316227e+00,3.419663770356823562e+01,2.350033976677796677e+00
1.621053092624929377e+03,9.888791271259833593e-02,3.262781928560497136e+01,3.576600945985335755e+01,1.699836182106799765e+00,2.549998341994421214e+00,3.576600945985335755e+01,1.699836182106799765e+00,3.419715703276732199e+01,2.350023419879647690e+00
1.621151980537641975e+03,9.888791271259833593e-02,3.262834043578944687e+01,3.576650723716986136e+01,1.699815402191265479e+00,2.549998340645081907e+00,3.576650723716986136e+01,1.699815402191265479e+00,3.419767637746822686e+01,2.350012863217186165e+00
1.621309598963591270e+03,1.576184259492947604e-01,3.262917111165506157e+01,3.576730154740253909e+01,1.699782282710797787e+00,2.549998338492418082e+00,3.576730154740253909e+01,1.699782282710797787e+00,3.419850419806090258e+01,2.349996037128553983e+00
1.621467217389540565e+03,1.576184259492947604e-01,3.263000179907887599e+01,3.576809689361094513e+01,1.699749165485289204e+00,2.549998336337369942e+00,3.576809689361094513e+01,1.699749165485289204e+00,3.419933205770626472e+01,2.349979211384604749e+00
1.621624835815489860e+03,1.576184259492947604e-01,3.263083249805092834e+01,3.576889320998370181e+01,1.699716050516620225e+00,2.549998334179935267e+00,3.576889320998370181e+01,1.699716050516620225e+00,3.420015995621938032e+01,2.349962385985317592e+00
1.621782454241439154e+03,1.576184259492947604e-01,3.263166320856133495e+01,3.576969044003501352e+01,1.699682937806355598e+00,2.549998332020111391e+00,3.576969044003501352e+01,1.699682937806355598e+00,3.420098789342635115e+01,2.349945560930668087e+00
1.621940072667388449e+03,1.576184259492947604e-01,3.263249393060026193e+01,3.577048853486613922e+01,1.699649827355804721e+00,2.549998329857896984e+00,3.577048853486613922e+01,1.699649827355804721e+00,3.420181586916277894e+01,2.349928736220634473e+00
1.622156366870724469e+03,2.162942033360195637e-01,3.263363391988387008e+01,3.577158506256068193e+01,1.699604394733121415e+00,2.549998326886870448e+00,3.577158506256068193e+01,1.699604394733121415e+00,3.420295213347508678e+01,2.349905648825709292e+00
1.622372661074060488e+03,2.162942033360195637e-01,3.263477393083368838e+01,3.577268304428329770e+01,1.699558966370087187e+00,2.549998323911331966e+00,3.577268304428329770e+01,1.699558966370087187e+00,3.420408846966955707e+01,2.349882562079632642e+00
1.622588955277396508e+03,2.162942033360195637e-01,3.263591396342500417e+01,3.577378239869969434e+01,1.699513542268561661e+00,2.549998320931276208e+00,3.577378239869969434e+01,1.699513542268561661e+00,3.420522487738828943e+01,2.349859475982343682e+00
1.622805249480732527e+03,2.162942033360195637e-01,3.263705401763338187e+01,3.577488305457444540e+01,1.699468122430063177e+00,2.549998317946696957e+00,3.577488305457444540e+01,1.699468122430063177e+00,3.420636135629239760e+01,2.349836390533784236e+00
1.623021543684068547e+03,2.162942033360195637e-01,3.263819409343459199e+01,3.577598494904527371e+01,1.699422706855826748e+00,2.549998314957588885e+00,3.577598494904527371e+01,1.699422706855826748e+00,3.420749790605980678e+01,2.349813305733894797e+00
1.623315403308036366e+03,2.938596239678190614e-01,3.263974304719657482e+01,3.577748387983593403e+01,1.699361011603715887e+00,2.549998310889288522e+00,3.577748387983593403e+01,1.699361011603715887e+00,3.420904214775038099e+01,2.349781943516432658e+00
1.623609262932004185e+03,2.938596239678190614e-01,3.264129204071148393e+01,3.577898487163388097e+01,1.699299324226419827e+00,2.549998306812604199e+00,3.577898487163388097e+01,1.699299324226419827e+00,3.421058651894610136e+01,2.349750582496044071e+00
1.623903122555972004e+03,2.938596239678190614e-01,3.264284107392066403e+01,3.578048781723507688e+01,1.699237644725333229e+00,2.549998302727522148e+00,3.578048781723507688e+01,1.699237644725333229e+00,3.421213101895610720e+01,2.349719222672581598e+00
1.624196982179939823e+03,2.938596239678190614e-01,3.264439014676623430e+01,3.578199262161082572e+01,1.699175973101438419e+00,2.549998298634027716e+00,3.578199262161082572e+01,1.699175973101438419e+00,3.421367564712389964e+01,2.349687864045896468e+00
1.624490841803907642e+03,2.938596239678190614e-01,3.264593925919102446e+01,3.578349919993826234e+01,1.699114309355374886e+00,2.549998294532108023e+00,3.578349919993826234e+01,1.699114309355374886e+00,3.421522040282367527e+01,2.349656506615839913e+00
1.624874797372446437e+03,3.839555685387949779e-01,3.264796338156791933e+01,3.578547023539171335e+01,1.699033751673529213e+00,2.549998289159838283e+00,3.578547023539171335e+01,1.699033751673529213e+00,3.421723896436308365e+01,2.349615536951789707e+00
1.625258752940985232e+03,3.839555685387949779e-01,3.264998757129364293e+01,3.578744401891746918e+01,1.698953207441352919e+00,2.549998283773128094e+00,3.578744401891746918e+01,1.698953207441352919e+00,3.421925774133472942e+01,2.349574569330030283e+00
1.625642708509524027e+03,3.839555685387949779e-01,3.265201182824598902e+01,3.578942041678874375e+01,1.698872676658401470e+00,2.549998278371945482e+00,3.578942041678874375e+01,1.698872676658401470e+00,3.422127673253262969e+01,2.349533603750231681e+00
1.626026664078062822e+03,3.839555685387949779e-01,3.265403615230457746e+01,3.579139930919851764e+01,1.698792159323761597e+00,2.549998272956259804e+00,3.579139930919851764e+01,1.698792159323761597e+00,3.422329593680724713e+01,2.349492640212063943e+00
1.626410619646601617e+03,3.839555685387949779e-01,3.265606054335079733e+01,3.579338058816546919e+01,1.698711655436122792e+00,2.549998267526038198e+00,3.579338058816546919e+01,1.698711655436122792e+00,3.422531535305994765e+01,2.349451678715194447e+00
1.626898413400781919e+03,4.877937541803021304e-01,3.265863251368650566e+01,3.579590097959493278e+01,1.698609399207873905e+00,2.549998260606236133e+00,3.579590097959493278e+01,1.698609399207873905e+00,3.422788121084613522e+01,2.349399642402160815e+00
1.627386207154962221e+03,4.877937541803021304e-01,3.266120459171736456e+01,3.579842488542373502e+01,1.698507164676681613e+00,2.549998253662857373e+00,3.579842488542373502e+01,1.698507164676681613e+00,3.423044740701449484e+01,2.349347609382626878e+00
1.627874000909142524e+03,4.877937541803021304e-01,3.266377677721123973e+01,3.580095214418940941e+01,1.698404951837849231e+00,2.549998246695835746e+00,3.580095214418940941e+01,1.698404951837849231e+00,3.423301393960253591e+01,2.349295579655915400e+00
1.628361794663322826e+03,4.877937541803021304e-01,3.266634906993964194e+01,3.580348260996370158e+01,1.698302760686161372e+00,2.549998239705105973e+00,3.580348260996370158e+01,1.698302760686161372e+00,3.423558080673490167e+01,2.349243553221350478e+00
1.628849588417503128e+03,4.877937541803021304e-01,3.266892146967745703e+01,3.580601615017980777e+01,1.698200591215957900e+00,2.549998232690602773e+00,3.580601615017980777e+01,1.698200591215957900e+00,3.423814800661544666e+01,2.349191530078254431e+00
1.629455055175297730e+03,6.054667577946020174e-01,3.267211457118511220e+01,3.580916496476090316e+01,1.698073805026163008e+00,2.549998223950787679e+00,3.580916496476090316e+01,1.698073805026163008e+00,3.424133496561703538e+01,2.349126961701238248e+00
1.630060521933092332e+03,6.054667577946020174e-01,3.267530783679802653e+01,3.581231812050391028e+01,1.697947052218657271e+00,2.549998215174117622e+00,3.581231812050391028e+01,1.697947052218657271e+00,3.424452243146547659e+01,2.349062398392935513e+00
1.630665988690886934e+03,6.054667577946020174e-01,3.267850126610372286e+01,3.581547542786562843e+01,1.697820332780499042e+00,2.549998206360466924e+00,3.581547542786562843e+01,1.697820332780499042e+00,3.424771040114788434e+01,2.348997840152053040e+00
1.631271455448681536e+03,6.054667577946020174e-01,3.268169485869494650e+01,3.581863671429962892e+01,1.697693646698187786e+00,2.549998197509708131e+00,3.581863671429962892e+01,1.697693646698187786e+00,3.425089887177901460e+01,2.348933286977298529e+00
1.631876922206476138e+03,6.054667577946020174e-01,3.268488861416889080e+01,3.582180182203882168e+01,1.697566993957740911e+00,2.549998188621714235e+00,3.582180182203882168e+01,1.697566993957740911e+00,3.425408784059029443e+01,2.348868738867378791e+00
1.632629434625122030e+03,7.525124186458924669e-01,3.268885824209117885e+01,3.582574072752078820e+01,1.697409628363225842e+00,2.549998177523063791e+00,3.582574072752078820e+01,1.697409628363225842e+00,3.425805198327961421e+01,2.348788521447186195e+00
1.633381947043767923e+03,7.525124186458924669e-01,3.269282812024393081e+01,3.582968505932012704e+01,1.697252314221476155e+00,2.549998166366453933e+00,3.582968505932012704e+01,1.697252314221476155e+00,3.426201688651105570e+01,2.348708311846216645e+00
1.634134459462413815e+03,7.525124186458924669e-01,3.269679824787230160e+01,3.583363458666597268e+01,1.697095051503317409e+00,2.549998155151639079e+00,3.583363458666597268e+01,1.697095051503317409e+00,3.426598254559920065e+01,2.348628110061994345e+00
1.634886971881059708e+03,7.525124186458924669e-01,3.270076862422435227e+01,3.583758909882283206e+01,1.696937840178938117e+00,2.549998143878371870e+00,3.583758909882283206e+01,1.696937840178938117e+00,3.426994895605331237e+01,2.348547916092041277e+00
1.635639484299705600e+03,7.525124186458924669e-01,3.270473924854901071e+01,3.584154840256545782e+01,1.696780680217975235e+00,2.549998132546405838e+00,3.584154840256545782e+01,1.696780680217975235e+00,3.427391611356124201e+01,2.348467729933885639e+00
1.636391996718351493e+03,7.525124186458924669e-01,3.270871012009401824e+01,3.584551231994625198e+01,1.696623571589589874e+00,2.549998121155491848e+00,3.584551231994625198e+01,1.696623571589589874e+00,3.427788401397464924e+01,2.348387551585051636e+00
1.637495890813375581e+03,1.103894095024088529e+00,3.271453561476131711e+01,3.585133517457980190e+01,1.696393194739330923e+00,2.549998104338467630e+00,3.585133517457980190e+01,1.696393194739330923e+00,3.428370604032379276e+01,2.348269948507456295e+00
1.638599784908399670e+03,1.103894095024088529e+00,3.272036163739559100e+01,3.585716713153536261e+01,1.696162928185671159e+00,2.549998087393266832e+00,3.585716713153536261e+01,1.696162928185671159e+00,3.428952964469463183e+01,2.348152362221836320e+00
1.639703679003423758e+03,1.103894095024088529e+00,3.272618818555399400e+01,3.586300776307221838e+01,1.695932771827205254e+00,2.549998070319096310e+00,3.586300776307221838e+01,1.695932771827205254e+00,3.429535481558506405e+01,2.348034792720404607e+00
1.640807573098447847e+03,1.103894095024088529e+00,3.273201525674496537e+01,3.586885668165874819e+01,1.695702725561357260e+00,2.549998053115159369e+00,3.586885668165874819e+01,1.695702725561357260e+00,3.430118154202057212e+01,2.347917239995381156e+00
1.641911467193471935e+03,1.103894095024088529e+00,3.273784284841652692e+01,3.587471353446868250e+01,1.695472789284567350e+00,2.549998035780655758e+00,3.587471353446868250e+01,1.695472789284567350e+00,3.430700981350619827e+01,2.347799704038987745e+00
1.643015361288496024e+03,1.103894095024088529e+00,3.274367095794499249e+01,3.588057799863276642e+01,1.695242962892450578e+00,2.549998018314781234e+00,3.588057799863276642e+01,1.695242962892450578e+00,3.431283961998412479e+01,2.347682184843460806e+00
1.644375456547639942e+03,1.360095259143918156e+00,3.275085241295049343e+01,3.588781356632633646e+01,1.694959947372396414e+00,2.549997996613438289e+00,3.588781356632633646e+01,1.694959947372396414e+00,3.432002455415168640e+01,2.347537413825713681e+00
1.645735551806783860e+03,1.360095259143918156e+00,3.275803464471387372e+01,3.589505973186905408e+01,1.694677098304608664e+00,2.549997974709924620e+00,3.589505973186905408e+01,1.694677098304608664e+00,3.432721178656587568e+01,2.347392668225389389e+00
1.647095647065927778e+03,1.360095259143918156e+00,3.276521764773798395e+01,3.590231603349859313e+01,1.694394415490225958e+00,2.549997952602714335e+00,3.590231603349859313e+01,1.694394415490225958e+00,3.433440130069738672e+01,2.347247948028008846e+00
1.648455742325071697e+03,1.360095259143918156e+00,3.277240141626034386e+01,3.590958204947624210e+01,1.694111898729466992e+00,2.549997930290272219e+00,3.590958204947624210e+01,1.694111898729466992e+00,3.434159308072149486e+01,2.347103253219108510e+00
1.649815837584215615e+03,1.360095259143918156e+00,3.277958594423001415e+01,3.591685739297348334e+01,1.693829547821803505e+00,2.549997907771054617e+00,3.591685739297348334e+01,1.693829547821803505e+00,3.434878711145850616e+01,2.346958583784242602e+00
1.651175932843359533e+03,1.360095259143918156e+00,3.278677122528637966e+01,3.592414170772716631e+01,1.693547362566105496e+00,2.549997885043509882e+00,3.592414170772716631e+01,1.693547362566105496e+00,3.435598337832063720e+01,2.346813939708982222e+00
1.652848864895347106e+03,1.672932051987572777e+00,3.279561022254101488e+01,3.593311331442311030e+01,1.693200498502483331e+00,2.549997856800360729e+00,3.593311331442311030e+01,1.693200498502483331e+00,3.436483791139422550e+01,2.346636060672237623e+00
1.654521796947334678e+03,1.672932051987572777e+00,3.280445033584750547e+01,3.594209743414155156e+01,1.692853884377168106e+00,2.549997828236743924e+00,3.594209743414155156e+01,1.692853884377168106e+00,3.437369578125949943e+01,2.346458219954143054e+00
1.656194728999322251e+03,1.672932051987572777e+00,3.281329155120153729e+01,3.595109355156679953e+01,1.692507519813560846e+00,2.549997799349717376e+00,3.595109355156679953e+01,1.692507519813560846e+00,3.438255696388140592e+01,2.346280417527958129e+00
1.657867661051309824e+03,1.672932051987572777e+00,3.282213385373090375e+01,3.596010119363688062e+01,1.692161404434613825e+00,2.549997770136319009e+00,3.596010119363688062e+01,1.692161404434613825e+00,3.439142143619422853e+01,2.346102653366982871e+00
1.659540593103297397e+03,1.672932051987572777e+00,3.283097722766888182e+01,3.596911992450070983e+01,1.691815537863000429e+00,2.549997740593567208e+00,3.596911992450070983e+01,1.691815537863000429e+00,3.440028917602377589e+01,2.345924927444558161e+00
1.661213525155284970e+03,1.672932051987572777e+00,3.283982165633540973e+01,3.597814934120084018e+01,1.691469919721256598e+00,2.549997710718460819e+00,3.597814934120084018e+01,1.691469919721256598e+00,3.440916016201794747e+01,2.345747239734064848e+00
1.663258505351386475e+03,2.044980196101505499e+00,3.285063442969035918e+01,3.598920080754846396e+01,1.691047775468563996e+00,2.549997673743490179e+00,3.598920080754846396e+01,1.691047775468563996e+00,3.442000837130296276e+01,2.345530087410597098e+00
1.665303485547487981e+03,2.044980196101505499e+00,3.286144871867665529e+01,3.600026705454358478e+01,1.690626001177445881e+00,2.549997636261823519e+00,3.600026705454358478e+01,1.690626001177445881e+00,3.443086136423900712e+01,2.345312992096913352e+00
1.667348465743589486e+03,2.044980196101505499e+00,3.287226448722048389e+01,3.601134750366655624e+01,1.690204596159024630e+00,2.549997598267856880e+00,3.601134750366655624e+01,1.690204596159024630e+00,3.444171910608464771e+01,2.345095953744638084e+00
1.669393445939690992e+03,2.044980196101505499e+00,3.288308169725913643e+01,3.602244162190168453e+01,1.689783559725036355e+00,2.549997559755938337e+00,3.602244162190168453e+01,1.689783559725036355e+00,3.445258156343088274e+01,2.344878972305485920e+00
1.671438426135792497e+03,2.044980196101505499e+00,3.289390030882378824e+01,3.603354891657684078e+01,1.689362891187996540e+00,2.549997520720372890e+00,3.603354891657684078e+01,1.689362891187996540e+00,3.446344870409846095e+01,2.344662047731262078e+00
1.673483406331894003e+03,2.044980196101505499e+00,3.290472028014982442e+01,3.604466893089394119e+01,1.688942589861344379e+00,2.549997481155418022e+00,3.604466893089394119e+01,1.688942589861344379e+00,3.447432049704577395e+01,2.344445179973861482e+00
1.675952907412687409e+03,2.469501080793406800e+00,3.291778813803355064e+01,3.605811371914338537e+01,1.688435525964649075e+00,2.549997432663215324e+00,3.605811371914338537e+01,1.688435525964649075e+00,3.448745534233490417e+01,2.344183367937972662e+00
1.678422408493480816e+03,2.469501080793406800e+00,3.293085783608036365e+01,3.607157574605634665e+01,1.687928995358097595e+00,2.549997383380291360e+00,3.607157574605634665e+01,1.687928995358097595e+00,3.450059687735991076e+01,2.343921638602394442e+00
1.680000000000000000e+03,1.577591506519183895e+00,3.293920807755173286e+01,3.608018442124381409e+01,1.687605686989885001e+00,2.549997351478187291e+00,3.608018442124381409e+01,1.687605686989885001e+00,3.450899556410097802e+01,2.343754481289160196e+00
1.680000029419850989e+03,2.941985098914301489e-05,3.293920823327848524e+01,3.608018458185659938e+01,1.687605680962664279e+00,2.549997351477589103e+00,3.608018458185659938e+01,1.687605680962664279e+00,3.450899572074981592e+01,2.343754478172227262e+00
1.680000058839701978e+03,2.941985098914301489e-05,3.293920838900523762e+01,3.608018474247608509e+01,1.687605674935444000e+00,2.549997351476991359e+00,3.608018474247608509e+01,1.687605674935444000e+00,3.450899587739863961e+01,2.343754475055293884e+00
1.680000353038211870e+03,2.941985098914301489e-04,3.293920994627278276e+01,3.608018634890974141e+01,1.687605614663265419e+00,2.549997351471011253e+00,3.608018634890974141e+01,1.687605614663265419e+00,3.450899744388727441e+01,2.343754443885962324e+00
1.680000647236721761e+03,2.941985098914301489e-04,3.293921150354034921e+01,3.608018795552685987e+01,1.687605554391106821e+00,2.549997351465031148e+00,3.608018795552685987e+01,1.687605554391106821e+00,3.450899901037625739e+01,2.343754412716631652e+00
1.680003589221820675e+03,2.941985098914301489e-03,3.293922707621809565e+01,3.608020402904657686e+01,1.687604951670649278e+00,2.549997351405230095e+00,3.608020402904657686e+01,1.687604951670649278e+00,3.450901467529772049e+01,2.343754101023426628e+00
1.680006531206919590e+03,2.941985098914301489e-03,3.293924264889820108e+01,3.608022010830843840e+01,1.687604348951301292e+00,2.549997351345428598e+00,3.608022010830843840e+01,1.687604348951301292e+00,3.450903034025508731e+01,2.343753789330335291e+00
1.680015692639800818e+03,9.161432881228392944e-03,3.293929114272131642e+01,3.608027020260757212e+01,1.687602472070418580e+00,2.549997351159197123e+00,3.608027020260757212e+01,1.687602472070418580e+00,3.450907912163182800e+01,2.343752818709063490e+00
1.680024854072682047e+03,9.161432881228392944e-03,3.293933963656714070e+01,3.608032032739914996e+01,1.687600595198578635e+00,2.549997350972954990e+00,3.608032032739914996e+01,1.687600595198578635e+00,3.450912790335289060e+01,2.343751848088894363e+00
1.680034015505563275e+03,9.161432881228392944e-03,3.293938813043619973e+01,3.608037047592884505e+01,1.687598718335509673e+00,2.549997350786702199e+00,3.608037047592884505e+01,1.687598718335509673e+00,3.450917668542606975e+01,2.343750877469853222e+00
1.680051001512139919e+03,1.698600657664428581e-02,3.293947804188950812e+01,3.608046350753472353e+01,1.687595238508550199e+00,2.549997350441345123e+00,3.608046350753472353e+01,1.687595238508550199e+00,3.450926713210618146e+01,2.343749077869929032e+00
1.680067987518716563e+03,1.698600657664428581e-02,3.293956795342354127e+01,3.608055659456882580e+01,1.687591758710324408e+00,2.549997350095950299e+00,3.608055659456882580e+01,1.687591758710324408e+00,3.450935758000824194e+01,2.343747278273927925e+00
1.680084973525293208e+03,1.698600657664428581e-02,3.293965786503822812e+01,3.608064972993665975e+01,1.687588278940358677e+00,2.549997349750516840e+00,3.608064972993665975e+01,1.687588278940358677e+00,3.450944802913047482e+01,2.343745478681848127e+00
1.680101959531869852e+03,1.698600657664428581e-02,3.293974777673341947e+01,3.608074290900314196e+01,1.687584799198318386e+00,2.549997349405045188e+00,3.608074290900314196e+01,1.687584799198318386e+00,3.450953847947026532e+01,2.343743679093682086e+00
1.680131797566662726e+03,2.983803479287416849e-02,3.293990571801212752e+01,3.608090668471420059e+01,1.687578686665215155e+00,2.549997348798088481e+00,3.608090668471420059e+01,1.687578686665215155e+00,3.450969736969572210e+01,2.343740517902553666e+00
1.680161635601455600e+03,2.983803479287416849e-02,3.294006365953897841e+01,3.608107056827036985e+01,1.687572574216517074e+00,2.549997348191013646e+00,3.608107056827036985e+01,1.687572574216517074e+00,3.450985626367094028e+01,2.343737356723503140e+00
1.680191473636248475e+03,2.983803479287416849e-02,3.294022160131386556e+01,3.608123454898468196e+01,1.687566461851544908e+00,2.549997347583821128e+00,3.608123454898468196e+01,1.687566461851544908e+00,3.451001516139297109e+01,2.343734195556532729e+00
1.680221311671041349e+03,2.983803479287416849e-02,3.294037954333666818e+01,3.608139861932829007e+01,1.687560349569817264e+00,2.549997346976510038e+00,3.608139861932829007e+01,1.687560349569817264e+00,3.451017406285894396e+01,2.343731034401643765e+00
1.680272790265143612e+03,5.147859410226374166e-02,3.294065203617062565e+01,3.608168187886981571e+01,1.687549804442938672e+00,2.549997345928459058e+00,3.608168187886981571e+01,1.687549804442938672e+00,3.451044821919963823e+01,2.343725580591995872e+00
1.680324268859245876e+03,5.147859410226374166e-02,3.294092452974129515e+01,3.608196536266696341e+01,1.687539259561072758e+00,2.549997344880056804e+00,3.608196536266696341e+01,1.687539259561072758e+00,3.451072238666103686e+01,2.343720126818304550e+00
1.680375747453348140e+03,5.147859410226374166e-02,3.294119702404788796e+01,3.608224905194194321e+01,1.687528714922992501e+00,2.549997343831302388e+00,3.608224905194194321e+01,1.687528714922992501e+00,3.451099656522996639e+01,2.343714673080571576e+00
1.680427226047450404e+03,5.147859410226374166e-02,3.294146951908962961e+01,3.608253293254568206e+01,1.687518170527771311e+00,2.549997342782196696e+00,3.608253293254568206e+01,1.687518170527771311e+00,3.451127075489442575e+01,2.343709219378793840e+00
1.680503570538792928e+03,7.634449134252463409e-02,3.294187363977928840e+01,3.608295426583684673e+01,1.687502533279628292e+00,2.549997341225689329e+00,3.608295426583684673e+01,1.687502533279628292e+00,3.451167740782059212e+01,2.343701131421313200e+00
1.680579915030135453e+03,7.634449134252463409e-02,3.294227776208164471e+01,3.608337596390163782e+01,1.687486896561948946e+00,2.549997339668408358e+00,3.608337596390163782e+01,1.687486896561948946e+00,3.451208408509180003e+01,2.343693043542908860e+00
1.680656259521477978e+03,7.634449134252463409e-02,3.294268188599419034e+01,3.608379800198453324e+01,1.687471260373099469e+00,2.549997338110352452e+00,3.608379800198453324e+01,1.687471260373099469e+00,3.451249078667646586e+01,2.343684955743578602e+00
1.680732604012820502e+03,7.634449134252463409e-02,3.294308601151440996e+01,3.608422036024710877e+01,1.687455624711762692e+00,2.549997336551522054e+00,3.608422036024710877e+01,1.687455624711762692e+00,3.451289751254506655e+01,2.343676868023319759e+00
1.680843825159089192e+03,1.112211462686900632e-01,3.294367475763164776e+01,3.608483620426058280e+01,1.687432847111851597e+00,2.549997334279180183e+00,3.608483620426058280e+01,1.687432847111851597e+00,3.451349008746394986e+01,2.343665085710025853e+00
1.680955046305357882e+03,1.112211462686900632e-01,3.294426350714784490e+01,3.608545264998618052e+01,1.687410070626303105e+00,2.549997332005192519e+00,3.608545264998618052e+01,1.687410070626303105e+00,3.451408271378214465e+01,2.343653303564537715e+00
1.681066267451626572e+03,1.112211462686900632e-01,3.294485226005521383e+01,3.608606966229477564e+01,1.687387295252739783e+00,2.549997329729558171e+00,3.608606966229477564e+01,1.687387295252739783e+00,3.451467539142374363e+01,2.343641521586845577e+00
1.681177488597895263e+03,1.112211462686900632e-01,3.294544101634598121e+01,3.608668721128330503e+01,1.687364520989122374e+00,2.549997327452275808e+00,3.608668721128330503e+01,1.687364520989122374e+00,3.451526812031686831e+01,2.343629739776941889e+00
1.681288709744163953e+03,1.112211462686900632e-01,3.294602977601233817e+01,3.608730527141315747e+01,1.687341747833692729e+00,2.549997325173344986e+00,3.608730527141315747e+01,1.687341747833692729e+00,3.451586090039314314e+01,2.343617958134818657e+00
1.681466825210067555e+03,1.781154659036019439e-01,3.294697265410417231e+01,3.608829607626446290e+01,1.687305279994609553e+00,2.549997321520307114e+00,3.608829607626446290e+01,1.687305279994609553e+00,3.451681031642638686e+01,2.343599090735252855e+00
1.681644940675971156e+03,1.781154659036019439e-01,3.294791554080113372e+01,3.608928806008175627e+01,1.687268814988404531e+00,2.549997317863034407e+00,3.608928806008175627e+01,1.687268814988404531e+00,3.451775986330623880e+01,2.343580223765934001e+00
1.681823056141874758e+03,1.781154659036019439e-01,3.294885843607112719e+01,3.609028115948945015e+01,1.687232352810543290e+00,2.549997314201523313e+00,3.609028115948945015e+01,1.687232352810543290e+00,3.451870954079360132e+01,2.343561357226828790e+00
1.682001171607778360e+03,1.781154659036019439e-01,3.294980133988197935e+01,3.609127532008947981e+01,1.687195893457071216e+00,2.549997310535768946e+00,3.609127532008947981e+01,1.687195893457071216e+00,3.451965934866134944e+01,2.343542491117905691e+00
1.682179287073681962e+03,1.781154659036019439e-01,3.295074425220149550e+01,3.609227049478493399e+01,1.687159436924506650e+00,2.549997306865768643e+00,3.609227049478493399e+01,1.687159436924506650e+00,3.452060928669273920e+01,2.343523625439131841e+00
1.682424176990609794e+03,2.448899169278320187e-01,3.295204067069131781e+01,3.609364033558527751e+01,1.687109317649984064e+00,2.549997301812966022e+00,3.609364033558527751e+01,1.687109317649984064e+00,3.452191556308768838e+01,2.343497687829446452e+00
1.682669066907537626e+03,2.448899169278320187e-01,3.295333710512056058e+01,3.609501192444388806e+01,1.687059203695034260e+00,2.549997296752118281e+00,3.609501192444388806e+01,1.687059203695034260e+00,3.452322208462935293e+01,2.343471751032743633e+00
1.682913956824465458e+03,2.448899169278320187e-01,3.295463355540520922e+01,3.609638518245516536e+01,1.687009095053418450e+00,2.549997291683214318e+00,3.609638518245516536e+01,1.687009095053418450e+00,3.452452885082771417e+01,2.343445815048940783e+00
1.683158846741393290e+03,2.448899169278320187e-01,3.295593002146115680e+01,3.609776004043619935e+01,1.686958991719528012e+00,2.549997286606244806e+00,3.609776004043619935e+01,1.686958991719528012e+00,3.452583586121364334e+01,2.343419879877952194e+00
1.683403736658321122e+03,2.448899169278320187e-01,3.295722650320416847e+01,3.609913643726186905e+01,1.686908893688274125e+00,2.549997281521199088e+00,3.609913643726186905e+01,1.686908893688274125e+00,3.452714311533650005e+01,2.343393945519695709e+00
1.683737154748823514e+03,3.334180905023913510e-01,3.295899169064466605e+01,3.610101278086114718e+01,1.686840693639020561e+00,2.549997274584896889e+00,3.610101278086114718e+01,1.686840693639020561e+00,3.452892333537656100e+01,2.343358637147700207e+00
1.684070572839325905e+03,3.334180905023913510e-01,3.296075690679461445e+01,3.610289175630529712e+01,1.686772503399955658e+00,2.549997267633578701e+00,3.610289175630529712e+01,1.686772503399955658e+00,3.453070400537391293e+01,2.343323330281891437e+00
1.684403990929828296e+03,3.334180905023913510e-01,3.296252215144057374e+01,3.610477325814765237e+01,1.686704322961395164e+00,2.549997260667217436e+00,3.610477325814765237e+01,1.686704322961395164e+00,3.453248512432116968e+01,2.343288024922063340e+00
1.684737409020330688e+03,3.334180905023913510e-01,3.296428742436880555e+01,3.610665719270516405e+01,1.686636152314415549e+00,2.549997253685787779e+00,3.610665719270516405e+01,1.686636152314415549e+00,3.453426669124931436e+01,2.343252721068004085e+00
1.685070827110833079e+03,3.334180905023913510e-01,3.296605272536533704e+01,3.610854347615149607e+01,1.686567991450730775e+00,2.549997246689263086e+00,3.610854347615149607e+01,1.686567991450730775e+00,3.453604870522367776e+01,2.343217418719507616e+00
1.685507152281976005e+03,4.363251711429256829e-01,3.296836291578159717e+01,3.611101537061933442e+01,1.686478807995497764e+00,2.549997237510464476e+00,3.611101537061933442e+01,1.686478807995497764e+00,3.453838139871789537e+01,2.343171222830579659e+00
1.685943477453118930e+03,4.363251711429256829e-01,3.297067315341859484e+01,3.611349100824514124e+01,1.686389641265212180e+00,2.549997228305711072e+00,3.611349100824514124e+01,1.686389641265212180e+00,3.454071485430176836e+01,2.343125029519169900e+00
1.686379802624261856e+03,4.363251711429256829e-01,3.297298343779520025e+01,3.611597025499879265e+01,1.686300491244789201e+00,2.549997219074943366e+00,3.611597025499879265e+01,1.686300491244789201e+00,3.454304907009570513e+01,2.343078838784812934e+00
1.686816127795404782e+03,4.363251711429256829e-01,3.297529376842990700e+01,3.611845299034969514e+01,1.686211357920017972e+00,2.549997209818101851e+00,3.611845299034969514e+01,1.686211357920017972e+00,3.454538404428462428e+01,2.343032650627038915e+00
1.687252452966547708e+03,4.363251711429256829e-01,3.297760414484090319e+01,3.612093910523619655e+01,1.686122241277430822e+00,2.549997200535127018e+00,3.612093910523619655e+01,1.686122241277430822e+00,3.454771977511168757e+01,2.342986465045385103e+00
1.687807477534083773e+03,5.550245675360656605e-01,3.298054310936681333e+01,3.612410627942617225e+01,1.686008905124412927e+00,2.549997188688922556e+00,3.612410627942617225e+01,1.686008905124412927e+00,3.455069201687959435e+01,2.342927718701592443e+00
1.688362502101619839e+03,5.550245675360656605e-01,3.298348214619089447e+01,3.612727857768089734e+01,1.685895595918903034e+00,2.549997176800213428e+00,3.612727857768089734e+01,1.685895595918903034e+00,3.455366547681309441e+01,2.342868976524492997e+00
1.688917526669155905e+03,5.550245675360656605e-01,3.298642125432095185e+01,3.613045583394531235e+01,1.685782313636970065e+00,2.549997164868877064e+00,3.613045583394531235e+01,1.685782313636970065e+00,3.455664015163300462e+01,2.342810238513129750e+00
1.689472551236691970e+03,5.550245675360656605e-01,3.298936043276525965e+01,3.613363789731923248e+01,1.685669058255666819e+00,2.549997152894790453e+00,3.613363789731923248e+01,1.685669058255666819e+00,3.455961603816248839e+01,2.342751504666544804e+00
1.690027575804228036e+03,5.550245675360656605e-01,3.299229968053288076e+01,3.613682462994720623e+01,1.685555829752894308e+00,2.549997140877829693e+00,3.613682462994720623e+01,1.685555829752894308e+00,3.456259313331816685e+01,2.342692774983786919e+00
1.690717186223582758e+03,6.896104193547216710e-01,3.299595175069212161e+01,3.614079041670951398e+01,1.685415182302984372e+00,2.549997125887006000e+00,3.614079041670951398e+01,1.685415182302984372e+00,3.456629381251784849e+01,2.342619809957074306e+00
1.691406796642937479e+03,6.896104193547216710e-01,3.299960392444742041e+01,3.614476299550944560e+01,1.685274576274869096e+00,2.549997110829565816e+00,3.614476299550944560e+01,1.685274576274869096e+00,3.456999634735860383e+01,2.342546851355056692e+00
1.692096407062292201e+03,6.896104193547216710e-01,3.300325619990776715e+01,3.614874216471932300e+01,1.685134011630250006e+00,2.549997095705271555e+00,3.614874216471932300e+01,1.685134011630250006e+00,3.457370073243177444e+01,2.342473899175907093e+00
1.692786017481646923e+03,6.896104193547216710e-01,3.300690857518755905e+01,3.615272773945275731e+01,1.684993488331923084e+00,2.549997080513884296e+00,3.615272773945275731e+01,1.684993488331923084e+00,3.457740696248400525e+01,2.342400953417799858e+00
1.693475627901001644e+03,6.896104193547216710e-01,3.301056104840754557e+01,3.615671954940591348e+01,1.684853006343638882e+00,2.549997065255163786e+00,3.615671954940591348e+01,1.684853006343638882e+00,3.458111503240492368e+01,2.342328014078910670e+00
1.694332453340865186e+03,8.568254398635417601e-01,3.301509929787980724e+01,3.616168773401777514e+01,1.684678518128358782e+00,2.549997046202383100e+00,3.616168773401777514e+01,1.684678518128358782e+00,3.458572478156786900e+01,2.342237397530370746e+00
1.695189278780728728e+03,8.568254398635417601e-01,3.301963769208512645e+01,3.616666502398729932e+01,1.684504093564536120e+00,2.549997027044824449e+00,3.616666502398729932e+01,1.684504093564536120e+00,3.459033735406769949e+01,2.342146790885195617e+00
1.696046104220592269e+03,8.568254398635417601e-01,3.302417622747296377e+01,3.617165116405050895e+01,1.684329732587340311e+00,2.549997007782024649e+00,3.617165116405050895e+01,1.684329732587340311e+00,3.459495274088540384e+01,2.342056194139896519e+00
1.696902929660455811e+03,8.568254398635417601e-01,3.302871490051756354e+01,3.617664591888671310e+01,1.684155435133261491e+00,2.549996988413518295e+00,3.617664591888671310e+01,1.684155435133261491e+00,3.459957093324827326e+01,2.341965607290989126e+00
1.697759755100319353e+03,8.568254398635417601e-01,3.303325370772049041e+01,3.618164907066183389e+01,1.683981201139953532e+00,2.549996968938839537e+00,3.618164907066183389e+01,1.683981201139953532e+00,3.460419192261168320e+01,2.341875030334990448e+00
1.698616580540182895e+03,8.568254398635417601e-01,3.303779264561311635e+01,3.618666041685512624e+01,1.683807030546093264e+00,2.549996949357519860e+00,3.618666041685512624e+01,1.683807030546093264e+00,3.460881570064226764e+01,2.341784463268422822e+00
1.699874587411335142e+03,1.258006871152247186e+00,3.304445702732787993e+01,3.619403262246655117e+01,1.683551424826277287e+00,2.549996920413655666e+00,3.619403262246655117e+01,1.683551424826277287e+00,3.461560945250019472e+01,2.341651508947204974e+00
1.701132594282487389e+03,1.258006871152247186e+00,3.305112167262619494e+01,3.620142153501645055e+01,1.683295955456255433e+00,2.549996891237405805e+00,3.620142153501645055e+01,1.683295955456255433e+00,3.462240917324304945e+01,2.341518575925813028e+00
1.702390601153639636e+03,1.258006871152247186e+00,3.305778657094482753e+01,3.620882664945621343e+01,1.683040622251138263e+00,2.549996861827272365e+00,3.620882664945621343e+01,1.683040622251138263e+00,3.462921483860215233e+01,2.341385664193278870e+00
1.703648608024791884e+03,1.258006871152247186e+00,3.306445171191081300e+01,3.621624750197128861e+01,1.682785425028872961e+00,2.549996832181748996e+00,3.621624750197128861e+01,1.682785425028872961e+00,3.463602642502333140e+01,2.341252773738645487e+00
1.704906614895944131e+03,1.258006871152247186e+00,3.307111708535511951e+01,3.622368366456333177e+01,1.682530363609896273e+00,2.549996802299323573e+00,3.622368366456333177e+01,1.682530363609896273e+00,3.464284390961071836e+01,2.341119904550971853e+00
1.706164621767096378e+03,1.258006871152247186e+00,3.307778268132550181e+01,3.623113474036782833e+01,1.682275437816835639e+00,2.549996772178475979e+00,3.623113474036782833e+01,1.682275437816835639e+00,3.464966727007652736e+01,2.340987056619332485e+00
1.707715419165607273e+03,1.550797398510894709e+00,3.308599993058302147e+01,3.624033996922091205e+01,1.681961366575714045e+00,2.549996734716874602e+00,3.624033996922091205e+01,1.681961366575714045e+00,3.465808676454597048e+01,2.340823318684318366e+00
1.709266216564118167e+03,1.550797398510894709e+00,3.309421748553153719e+01,3.624956665894938368e+01,1.681647500847305077e+00,2.549996696887760095e+00,3.624956665894938368e+01,1.681647500847305077e+00,3.466651511572596434e+01,2.340659613014079099e+00
1.710817013962629062e+03,1.550797398510894709e+00,3.310243532904402741e+01,3.625881421626595369e+01,1.681333840310204053e+00,2.549996658688241880e+00,3.625881421626595369e+01,1.681333840310204053e+00,3.467495228513550387e+01,2.340495939588233210e+00
1.712367811361139957e+03,1.550797398510894709e+00,3.311065344460349280e+01,3.626808209089058010e+01,1.681020384646231935e+00,2.549996620115412060e+00,3.626808209089058010e+01,1.681020384646231935e+00,3.468339823533339938e+01,2.340332298386430754e+00
1.713918608759650851e+03,1.550797398510894709e+00,3.311887181632685184e+01,3.627736977040994759e+01,1.680707133540110698e+00,2.549996581166347642e+00,3.627736977040994759e+01,1.680707133540110698e+00,3.469185292984490587e+01,2.340168689388352874e+00
1.715469406158161746e+03,1.550797398510894709e+00,3.312709042898655554e+01,3.628667677589250928e+01,1.680394086679187771e+00,2.549996541838107866e+00,3.628667677589250928e+01,1.680394086679187771e+00,3.470031633309594099e+01,2.340005112573714907e+00
1.717376750533999939e+03,1.907344375838192718e+00,3.313719890853154482e+01,3.629814941501528125e+01,1.680009346202258280e+00,2.549996492943503945e+00,3.629814941501528125e+01,1.680009346202258280e+00,3.471073746563305917e+01,2.339803971584809350e+00
1.719284094909838132e+03,1.907344375838192718e+00,3.314730770493452638e+01,3.630964983043620720e+01,1.679624913641851736e+00,2.549996443465319285e+00,3.630964983043620720e+01,1.679624913641851736e+00,3.472117165626656288e+01,2.339602879211002406e+00
1.721191439285676324e+03,1.907344375838192718e+00,3.315741679419216581e+01,3.632117729607761447e+01,1.679240788429903430e+00,2.549996393397980121e+00,3.632117729607761447e+01,1.679240788429903430e+00,3.473161884369308439e+01,2.339401835414741004e+00
1.723098783661514517e+03,1.907344375838192718e+00,3.316752615397284387e+01,3.633273113412427335e+01,1.678856970002583049e+00,2.549996342735875832e+00,3.633273113412427335e+01,1.678856970002583049e+00,3.474207896817899410e+01,2.339200840158540906e+00
1.725006128037352710e+03,1.907344375838192718e+00,3.317763576365676670e+01,3.634431070978299516e+01,1.678473457799968704e+00,2.549996291473356269e+00,3.634431070978299516e+01,1.678473457799968704e+00,3.475255197145860109e+01,2.338999893404986707e+00
1.726913472413190902e+03,1.907344375838192718e+00,3.318774560437631038e+01,3.635591542676654342e+01,1.678090251265767607e+00,2.549996239604733983e+00,3.635591542676654342e+01,1.678090251265767607e+00,3.476303779664208093e+01,2.338798995116734059e+00
1.729241247529171460e+03,2.327775115980557530e+00,3.320008421817695421e+01,3.637011139068694376e+01,1.677622988912993662e+00,2.549996175473288496e+00,3.637011139068694376e+01,1.677622988912993662e+00,3.477585227587250927e+01,2.338553878977585487e+00
1.731569022645152018e+03,2.327775115980557530e+00,3.321242312345332692e+01,3.638434300865530702e+01,1.677156180013879228e+00,2.549996110420067907e+00,3.638434300865530702e+01,1.677156180013879228e+00,3.478868567124984423e+01,2.338308834901577704e+00
1.733896797761132575e+03,2.327775115980557530e+00,3.322476229708554740e+01,3.639860938477342955e+01,1.676689823576409166e+00,2.549996044434498010e+00,3.639860938477342955e+01,1.676689823576409166e+00,3.480153788668847881e+01,2.338063862821227801e+00
1.736224572877113133e+03,2.327775115980557530e+00,3.323710172028800969e+01,3.641290967892478392e+01,1.676223918614794250e+00,2.549995977505918443e+00,3.641290967892478392e+01,1.676223918614794250e+00,3.481440882847171991e+01,2.337818962669206524e+00
1.738552347993093690e+03,2.327775115980557530e+00,3.324944137875345973e+01,3.642724310117424125e+01,1.675758464149128546e+00,2.549995909623581802e+00,3.642724310117424125e+01,1.675758464149128546e+00,3.482729840510743458e+01,2.337574134378323176e+00
1.740000000000000000e+03,1.447652006906309907e+00,3.325711557245957550e+01,3.643617348740436057e+01,1.675469223055582324e+00,2.549995866921520360e+00,3.643617348740436057e+01,1.675469223055582324e+00,3.483532383948305267e+01,2.337421910965610028e+00
1.740000029247686143e+03,2.924768614320782945e-05,3.325711572750628164e+01,3.643617366794176604e+01,1.675469217213645168e+00,2.549995866920653942e+00,3.643617366794176604e+01,1.675469217213645168e+00,3.483532400169749366e+01,2.337421907890439243e+00
1.740000058495372286e+03,2.924768614320782945e-05,3.325711588255298068e+01,3.643617384847107843e+01,1.675469211371708456e+00,2.549995866919787524e+00,3.643617384847107843e+01,1.675469211371708456e+00,3.483532416391194175e+01,2.337421904815268903e+00
1.740000350972233718e+03,2.924768614320782945e-04,3.325711743301999945e+01,3.643617565347543064e+01,1.675469152952357321e+00,2.549995866911122455e+00,3.643617565347543064e+01,1.675469152952357321e+00,3.483532578605638008e+01,2.337421874063565053e+00
1.740000643449095151e+03,2.924768614320782945e-04,3.325711898348701112e+01,3.643617745825829246e+01,1.675469094533021730e+00,2.549995866902456942e+00,3.643617745825829246e+01,1.675469094533021730e+00,3.483532740820078999e+01,2.337421843311863423e+00
1.740003568217709471e+03,2.924768614320782945e-03,3.325713448815749729e+01,3.643619549725127627e+01,1.675468510340592188e+00,2.549995866815803591e+00,3.643619549725127627e+01,1.675468510340592188e+00,3.483534362964149977e+01,2.337421535794937277e+00
1.740006492986323792e+03,2.924768614320782945e-03,3.325714999282831741e+01,3.643621352936413160e+01,1.675467926149102116e+00,2.549995866729148464e+00,3.643621352936413160e+01,1.675467926149102116e+00,3.483535985107845789e+01,2.337421228278123042e+00
1.740015077827999676e+03,8.584841675883581047e-03,3.325719550246246570e+01,3.643626643273317001e+01,1.675466211422678375e+00,2.549995866474788819e+00,3.643626643273317001e+01,1.675466211422678375e+00,3.483540746455781800e+01,2.337420325648963182e+00
1.740023662669675559e+03,8.584841675883581047e-03,3.325724101209952011e+01,3.643631930354024462e+01,1.675464496703323647e+00,2.549995866220416740e+00,3.643631930354024462e+01,1.675464496703323647e+00,3.483545507800568686e+01,2.337419423020748344e+00
1.740032247511351443e+03,8.584841675883581047e-03,3.325728652173956590e+01,3.643637214891671761e+01,1.675462781990932237e+00,2.549995865966031339e+00,3.643637214891671761e+01,1.675462781990932237e+00,3.483550269142156708e+01,2.337418520393502064e+00
1.740048106825951436e+03,1.585931459999301296e-02,3.325737059454996114e+01,3.643646971788072619e+01,1.675459614313560941e+00,2.549995865496054392e+00,3.643646971788072619e+01,1.675459614313560941e+00,3.483559065057676918e+01,2.337416852916332832e+00
1.740063966140551429e+03,1.585931459999301296e-02,3.325745466737065215e+01,3.643656722825041072e+01,1.675456446659200571e+00,2.549995865026032149e+00,3.643656722825041072e+01,1.675456446659200571e+00,3.483567860962349272e+01,2.337415185442506704e+00
1.740079825455151422e+03,1.585931459999301296e-02,3.325753874020164602e+01,3.643666468783079182e+01,1.675453279027561804e+00,2.549995864555965497e+00,3.643666468783079182e+01,1.675453279027561804e+00,3.483576656856289588e+01,2.337413517972021015e+00
1.740095684769751415e+03,1.585931459999301296e-02,3.325762281304291434e+01,3.643676210170696095e+01,1.675450111418434362e+00,2.549995864085853103e+00,3.643676210170696095e+01,1.675450111418434362e+00,3.483585452739595922e+01,2.337411850504870880e+00
1.740123198930184799e+03,2.751416043338394957e-02,3.325776867016774219e+01,3.643693100700046728e+01,1.675444616019205579e+00,2.549995863270153151e+00,3.643693100700046728e+01,1.675444616019205579e+00,3.483600712601347027e+01,2.337408957641317286e+00
1.740150713090618183e+03,2.751416043338394957e-02,3.325791452732348574e+01,3.643709980331900766e+01,1.675439120686706529e+00,2.549995862454317752e+00,3.643709980331900766e+01,1.675439120686706529e+00,3.483615972431724828e+01,2.337406064787801441e+00
1.740178227251051567e+03,2.751416043338394957e-02,3.325806038451014501e+01,3.643726850200378209e+01,1.675433625420546191e+00,2.549995861638346017e+00,3.643726850200378209e+01,1.675433625420546191e+00,3.483631232231061858e+01,2.337403171944324676e+00
1.740205741411484951e+03,2.751416043338394957e-02,3.325820624172771289e+01,3.643743711109006256e+01,1.675428130220445899e+00,2.549995860822239280e+00,3.643743711109006256e+01,1.675428130220445899e+00,3.483646491999652994e+01,2.337400279110888768e+00
1.740252979755298838e+03,4.723834381388769543e-02,3.325845666024915204e+01,3.643772640004489460e+01,1.675418695808288394e+00,2.549995859420769229e+00,3.643772640004489460e+01,1.675418695808288394e+00,3.483672691027076951e+01,2.337395312504092715e+00
1.740300218099112726e+03,4.723834381388769543e-02,3.325870707886165434e+01,3.643801546981985240e+01,1.675409261589249965e+00,2.549995858018898609e+00,3.643801546981985240e+01,1.675409261589249965e+00,3.483698889965968704e+01,2.337390345926890323e+00
1.740347456442926614e+03,4.723834381388769543e-02,3.325895749756518427e+01,3.643830434027458409e+01,1.675399827562617627e+00,2.549995856616627865e+00,3.643830434027458409e+01,1.675399827562617627e+00,3.483725088817493543e+01,2.337385379379281591e+00
1.740394694786740502e+03,4.723834381388769543e-02,3.325920791635972051e+01,3.643859302642017894e+01,1.675390393727852256e+00,2.549995855213955664e+00,3.643859302642017894e+01,1.675390393727852256e+00,3.483751287582712308e+01,2.337380412861264745e+00
1.740464425082838488e+03,6.973029609798686579e-02,3.325957756912767849e+01,3.643901885480759262e+01,1.675376468439273570e+00,2.549995853142686730e+00,3.643901885480759262e+01,1.675376468439273570e+00,3.483789960409787057e+01,2.337373081651292317e+00
1.740534155378936475e+03,6.973029609798686579e-02,3.325994722209377130e+01,3.643944434044802705e+01,1.675362543566646378e+00,2.549995851070544273e+00,3.643944434044802705e+01,1.675362543566646378e+00,3.483828633053860102e+01,2.337365750505797646e+00
1.740603885675034462e+03,6.973029609798686579e-02,3.326031687525790659e+01,3.643986950935206437e+01,1.675348619109025661e+00,2.549995848997527403e+00,3.643986950935206437e+01,1.675348619109025661e+00,3.483867305517634350e+01,2.337358419424779399e+00
1.740673615971132449e+03,6.973029609798686579e-02,3.326068652862000619e+01,3.644029438240447405e+01,1.675334695065646695e+00,2.549995846923637011e+00,3.644029438240447405e+01,1.675334695065646695e+00,3.483905977803608778e+01,2.337351088408235356e+00
1.740775176155956387e+03,1.015601848239384708e-01,3.326122491853885776e+01,3.644091270472369359e+01,1.675314415833828008e+00,2.549995843901509573e+00,3.644091270472369359e+01,1.675314415833828008e+00,3.483962302570427738e+01,2.337340411107340366e+00
1.740876736340780326e+03,1.015601848239384708e-01,3.326176330887724220e+01,3.644153048144040952e+01,1.675294137477708611e+00,2.549995840877526732e+00,3.644153048144040952e+01,1.675294137477708611e+00,3.484018626971772647e+01,2.337329733943205756e+00
1.740978296525604264e+03,1.015601848239384708e-01,3.326230169963495342e+01,3.644214774958898317e+01,1.675273859995897840e+00,2.549995837851686264e+00,3.644214774958898317e+01,1.675273859995897840e+00,3.484074951013896282e+01,2.337319056915825310e+00
1.741079856710428203e+03,1.015601848239384708e-01,3.326284009081177828e+01,3.644276454070081428e+01,1.675253583387199097e+00,2.549995834823988616e+00,3.644276454070081428e+01,1.675253583387199097e+00,3.484131274702660619e+01,2.337308380025193699e+00
1.741181416895252141e+03,1.015601848239384708e-01,3.326337848240755335e+01,3.644338088171465984e+01,1.675233307650578540e+00,2.549995831794432011e+00,3.644338088171465984e+01,1.675233307650578540e+00,3.484187598043588707e+01,2.337297703271305593e+00
1.741343497226279624e+03,1.620803310274823161e-01,3.326423770471315322e+01,3.644436362749039660e+01,1.675200951320461984e+00,2.549995826955697709e+00,3.644436362749039660e+01,1.675200951320461984e+00,3.484277483995374070e+01,2.337280664477589198e+00
1.741505577557307106e+03,1.620803310274823161e-01,3.326509692808480168e+01,3.644534536487257270e+01,1.675168597206031285e+00,2.549995822112222754e+00,3.644534536487257270e+01,1.675168597206031285e+00,3.484367369094373146e+01,2.337263626032107133e+00
1.741667657888334588e+03,1.620803310274823161e-01,3.326595615252206528e+01,3.644632616004342651e+01,1.675136245304613247e+00,2.549995817264004483e+00,3.644632616004342651e+01,1.675136245304613247e+00,3.484457253359072837e+01,2.337246587934837638e+00
1.741829738219362071e+03,1.620803310274823161e-01,3.326681537802462429e+01,3.644730606979192089e+01,1.675103895613867300e+00,2.549995812411038454e+00,3.644730606979192089e+01,1.675103895613867300e+00,3.484547136806823886e+01,2.337229550185758065e+00
1.741991818550389553e+03,1.620803310274823161e-01,3.326767460459225845e+01,3.644828514326564317e+01,1.675071548131722210e+00,2.549995807553321558e+00,3.644828514326564317e+01,1.675071548131722210e+00,3.484637019453987961e+01,2.337212512784843099e+00
1.742214348829166511e+03,2.225302787769578572e-01,3.326885429251371562e+01,3.644962809023461858e+01,1.675027139833778156e+00,2.549995800876109886e+00,3.644962809023461858e+01,1.675027139833778156e+00,3.484760423716596023e+01,2.337189121632862410e+00
1.742436879107943469e+03,2.225302787769578572e-01,3.327003398244286103e+01,3.645096963628763831e+01,1.674982735691411984e+00,2.549995794189925835e+00,3.645096963628763831e+01,1.674982735691411984e+00,3.484883826536939466e+01,2.337165731137080371e+00
1.742659409386720426e+03,2.225302787769578572e-01,3.327121367438024180e+01,3.645230986322793854e+01,1.674938335700868697e+00,2.549995787494759636e+00,3.645230986322793854e+01,1.674938335700868697e+00,3.485007227950442399e+01,2.337142341297439696e+00
1.742881939665497384e+03,2.225302787769578572e-01,3.327239336832683847e+01,3.645364884268722960e+01,1.674893939858754344e+00,2.549995780790601074e+00,3.645364884268722960e+01,1.674893939858754344e+00,3.485130627990573515e+01,2.337118952113881321e+00
1.743104469944274342e+03,2.225302787769578572e-01,3.327357306428403660e+01,3.645498663786509752e+01,1.674849548161972512e+00,2.549995774077440824e+00,3.645498663786509752e+01,1.674849548161972512e+00,3.485254026689052154e+01,2.337095563586345293e+00
1.743406973059066104e+03,3.025031147917616181e-01,3.327517672209529564e+01,3.645680341010699976e+01,1.674789209638831711e+00,2.549995764937255771e+00,3.645680341010699976e+01,1.674789209638831711e+00,3.485421770261250174e+01,2.337063770751751424e+00
1.743709476173857865e+03,3.025031147917616181e-01,3.327678038363119128e+01,3.645861822058219559e+01,1.674728878764135676e+00,2.549995755780394280e+00,3.645861822058219559e+01,1.674728878764135676e+00,3.485589511481501290e+01,2.337031979129171599e+00
1.744011979288649627e+03,3.025031147917616181e-01,3.327838404889900659e+01,3.646043117718001270e+01,1.674668555531908742e+00,2.549995746606832370e+00,3.646043117718001270e+01,1.674668555531908742e+00,3.485757250417391617e+01,2.337000188718461047e+00
1.744314482403441389e+03,3.025031147917616181e-01,3.327998771790745991e+01,3.646224237551816572e+01,1.674608239936610676e+00,2.549995737416545616e+00,3.646224237551816572e+01,1.674608239936610676e+00,3.485924987132945319e+01,2.336968399519469664e+00
1.744616985518233150e+03,3.025031147917616181e-01,3.328159139066674754e+01,3.646405190092973214e+01,1.674547931973066506e+00,2.549995728209509593e+00,3.646405190092973214e+01,1.674547931973066506e+00,3.486092721689009721e+01,2.336936611532049568e+00
1.745012400385587398e+03,3.954148673542476899e-01,3.328368762616718612e+01,3.646641481357582393e+01,1.674469112332761078e+00,2.549995716149299430e+00,3.646641481357582393e+01,1.674469112332761078e+00,3.486311971600940041e+01,2.336895061909441296e+00
1.745407815252941646e+03,3.954148673542476899e-01,3.328578386812632317e+01,3.646877515012414506e+01,1.674390305713770122e+00,2.549995704060375346e+00,3.646877515012414506e+01,1.674390305713770122e+00,3.486531218044824243e+01,2.336853514356370898e+00
1.745803230120295893e+03,3.954148673542476899e-01,3.328788011657833579e+01,3.647113304518999399e+01,1.674311512106527511e+00,2.549995691942682718e+00,3.647113304518999399e+01,1.674311512106527511e+00,3.486750461136865198e+01,2.336811968872508416e+00
1.746198644987650141e+03,3.954148673542476899e-01,3.328997637156174250e+01,3.647348861935228825e+01,1.674232731501968052e+00,2.549995679796166481e+00,3.647348861935228825e+01,1.674232731501968052e+00,3.486969700987415877e+01,2.336770425457525668e+00
1.746594059855004389e+03,3.954148673542476899e-01,3.329207263311943166e+01,3.647584198126693167e+01,1.674153963891452435e+00,2.549995667620772455e+00,3.647584198126693167e+01,1.674153963891452435e+00,3.487188937701548497e+01,2.336728884111093585e+00
1.747096582644350747e+03,5.025227893463579676e-01,3.329473672866289036e+01,3.647882977137130212e+01,1.674053878857818978e+00,2.549995652105613519e+00,3.647882977137130212e+01,1.674053878857818978e+00,3.487467555747677039e+01,2.336676093245270369e+00
1.747599105433697105e+03,5.025227893463579676e-01,3.329740083500862369e+01,3.648181432828022253e+01,1.673953814781579341e+00,2.549995636543612054e+00,3.648181432828022253e+01,1.673953814781579341e+00,3.487746169085490777e+01,2.336623305719204513e+00
1.748101628223043463e+03,5.025227893463579676e-01,3.330006495227544860e+01,3.648479581451730525e+01,1.673853771647173527e+00,2.549995620934655705e+00,3.648479581451730525e+01,1.673853771647173527e+00,3.488024777900563578e+01,2.336570521532223221e+00
1.748604151012389821e+03,5.025227893463579676e-01,3.330272908059379944e+01,3.648777437693370729e+01,1.673753749439608196e+00,2.549995605278630340e+00,3.648777437693370729e+01,1.673753749439608196e+00,3.488303382369431915e+01,2.336517740683652367e+00
1.749106673801736179e+03,5.025227893463579676e-01,3.330539322010574210e+01,3.649075014890142654e+01,1.673653748144378728e+00,2.549995589575424049e+00,3.649075014890142654e+01,1.673653748144378728e+00,3.488581982660421943e+01,2.336464963172819154e+00
1.749730594714646941e+03,6.239209129107621266e-01,3.330870097118865658e+01,3.649444109908908018e+01,1.673529617880625375e+00,2.549995570012852486e+00,3.649444109908908018e+01,1.673529617880625375e+00,3.488927880898867784e+01,2.336399440454404619e+00
1.750354515627557703e+03,6.239209129107621266e-01,3.331200874008411006e+01,3.649812814579327380e+01,1.673405519805707398e+00,2.549995550377157638e+00,3.649812814579327380e+01,1.673405519805707398e+00,3.489273773237675158e+01,2.336333922878838010e+00
1.750978436540468465e+03,6.239209129107621266e-01,3.331531652713977820e+01,3.650181147969190931e+01,1.673281453894225557e+00,2.549995530668121901e+00,3.650181147969190931e+01,1.673281453894225557e+00,3.489619659955251763e+01,2.336268410444834576e+00
1.751602357453379227e+03,6.239209129107621266e-01,3.331862433273155233e+01,3.650549127430402052e+01,1.673157420121415440e+00,2.549995510885526340e+00,3.650549127430402052e+01,1.673157420121415440e+00,3.489965541316776410e+01,2.336202903151111343e+00
1.752226278366289989e+03,6.239209129107621266e-01,3.332193215726371704e+01,3.650916768822875724e+01,1.673033418463067967e+00,2.549995491029152905e+00,3.650916768822875724e+01,1.673033418463067967e+00,3.490311417575336606e+01,2.336137400996385338e+00
1.753001666020854373e+03,7.753876545643834106e-01,3.332604303595011430e+01,3.651373211672788699e+01,1.672879358146179163e+00,2.549995466249179277e+00,3.651373211672788699e+01,1.672879358146179163e+00,3.490741254057901699e+01,2.336056004309905898e+00
1.753777053675418756e+03,7.753876545643834106e-01,3.333015394545206789e+01,3.651829180247774786e+01,1.672725347347823410e+00,2.549995441354497405e+00,3.651829180247774786e+01,1.672725347347823410e+00,3.491171083474633718e+01,2.335974615556000167e+00
1.754552441329983139e+03,7.753876545643834106e-01,3.333426488673050869e+01,3.652284697711053241e+01,1.672571386024282791e+00,2.549995416344683630e+00,3.652284697711053241e+01,1.672571386024282791e+00,3.491600906246124225e+01,2.335893234732211887e+00
1.755327828984547523e+03,7.753876545643834106e-01,3.333837586081527604e+01,3.652739785203875300e+01,1.672417474132617876e+00,2.549995391219314733e+00,3.652739785203875300e+01,1.672417474132617876e+00,3.492030722772840079e+01,2.335811861836087466e+00
1.756103216639111906e+03,7.753876545643834106e-01,3.334248686880538060e+01,3.653194462100269391e+01,1.672263611630577573e+00,2.549995365977965278e+00,3.653194462100269391e+01,1.672263611630577573e+00,3.492460533436786818e+01,2.335730496865173311e+00
1.756878604293676290e+03,7.753876545643834106e-01,3.334659791186923883e+01,3.653648746232266831e+01,1.672109798476517195e+00,2.549995340620208495e+00,3.653648746232266831e+01,1.672109798476517195e+00,3.492890338603049116e+01,2.335649139817020714e+00
1.758016333431098701e+03,1.137729137422411441e+00,3.335263012646686320e+01,3.654314642203674879e+01,1.671884197114779758e+00,2.549995303201072261e+00,3.654314642203674879e+01,1.671884197114779758e+00,3.493520984069231616e+01,2.335529778659334532e+00
1.759154062568521113e+03,1.137729137422411441e+00,3.335866242344065569e+01,3.654979775287464605e+01,1.671658701781858269e+00,2.549995265529040100e+00,3.654979775287464605e+01,1.671658701781858269e+00,3.494151619497332462e+01,2.335410434546199898e+00
1.760291791705943524e+03,1.137729137422411441e+00,3.336469480729821413e+01,3.655644188278292006e+01,1.671433312351690015e+00,2.549995227602751324e+00,3.655644188278292006e+01,1.671433312351690015e+00,3.494782245876228899e+01,2.335291107469900762e+00
1.761429520843365935e+03,1.137729137422411441e+00,3.337072728287206047e+01,3.656307919907284543e+01,1.671208028699922687e+00,2.549995189420842134e+00,3.656307919907284543e+01,1.671208028699922687e+00,3.495412864140421050e+01,2.335171797422732176e+00
1.762567249980788347e+03,1.137729137422411441e+00,3.337675985531993206e+01,3.656971005397940644e+01,1.670982850703712996e+00,2.549995150981942071e+00,3.656971005397940644e+01,1.670982850703712996e+00,3.496043475175032711e+01,2.335052504396993189e+00
1.763704979118210758e+03,1.137729137422411441e+00,3.338279253012461112e+01,3.657633476945783002e+01,1.670757778241553915e+00,2.549995112284677123e+00,3.657633476945783002e+01,1.670757778241553915e+00,3.496674079820237324e+01,2.334933228384997950e+00
1.765107017283618461e+03,1.402038165407702763e+00,3.339022682185406410e+01,3.658449048239389612e+01,1.670480563547203534e+00,2.549995064240126119e+00,3.658449048239389612e+01,1.670480563547203534e+00,3.497451174381203032e+01,2.334786266420341150e+00
1.766509055449026164e+03,1.402038165407702763e+00,3.339766128940668466e+01,3.659263782437239598e+01,1.670203508710768281e+00,2.549995015798532716e+00,3.659263782437239598e+01,1.670203508710768281e+00,3.498228261867243560e+01,2.334639330266650159e+00
1.767911093614433867e+03,1.402038165407702763e+00,3.340509594507043545e+01,3.660077725413157168e+01,1.669926613511558910e+00,2.549994966957290110e+00,3.660077725413157168e+01,1.669926613511558910e+00,3.499005343616400410e+01,2.334492419909589334e+00
1.769313131779841569e+03,1.402038165407702763e+00,3.341253080187251356e+01,3.660890918991610476e+01,1.669649877730896348e+00,2.549994917713781284e+00,3.660890918991610476e+01,1.669649877730896348e+00,3.499782420894608492e+01,2.334345535334845234e+00
1.770715169945249272e+03,1.402038165407702763e+00,3.341996587357382253e+01,3.661703401465045715e+01,1.669373301151918287e+00,2.549994868065375897e+00,3.661703401465045715e+01,1.669373301151918287e+00,3.500559494901931856e+01,2.334198676528121297e+00
1.772117208110656975e+03,1.402038165407702763e+00,3.342740117466230032e+01,3.662515208033514114e+01,1.669096883559417099e+00,2.549994818009431619e+00,3.662515208033514114e+01,1.669096883559417099e+00,3.501336566778081760e+01,2.334051843475143606e+00
1.773841880644522689e+03,1.724672533865714286e+00,3.343654781032078915e+01,3.663512946610211429e+01,1.668757075032834436e+00,2.549994755871785035e+00,3.663512946610211429e+01,1.668757075032834436e+00,3.502292455636745672e+01,2.333871256782163783e+00
1.775566553178388403e+03,1.724672533865714286e+00,3.344569484592088315e+01,3.664509766816205172e+01,1.668417506364966441e+00,2.549994693108472266e+00,3.664509766816205172e+01,1.668417506364966441e+00,3.503248344820195115e+01,2.333690709011440934e+00
1.777291225712254118e+03,1.724672533865714286e+00,3.345484231283676735e+01,3.665505719231538961e+01,1.668078177163897502e+00,2.549994629714499528e+00,3.665505719231538961e+01,1.668078177163897502e+00,3.504204236133922024e+01,2.333510200136519330e+00
1.779015898246119832e+03,1.724672533865714286e+00,3.346399024400393785e+01,3.666500850161943248e+01,1.667739087040435386e+00,2.549994565684845060e+00,3.666500850161943248e+01,1.667739087040435386e+00,3.505160131285452252e+01,2.333329730130989432e+00
1.780740570779985546e+03,1.724672533865714286e+00,3.347313867387918407e+01,3.667495202149951439e+01,1.667400235607912506e+00,2.549994501014458681e+00,3.667495202149951439e+01,1.667400235607912506e+00,3.506116031892469920e+01,2.333149298968484331e+00
1.782465243313851261e+03,1.724672533865714286e+00,3.348228763839492217e+01,3.668488814412572196e+01,1.667061622482014283e+00,2.549994435698264006e+00,3.668488814412572196e+01,1.667061622482014283e+00,3.507071939490058554e+01,2.332968906622677974e+00
1.784573190031512013e+03,2.107946717660752256e+00,3.349347055905225545e+01,3.669702285329938718e+01,1.666648082392927055e+00,2.549994354982360267e+00,3.669702285329938718e+01,1.666648082392927055e+00,3.508240290163053743e+01,2.332748478340484155e+00
1.786681136749172765e+03,2.107946717660752256e+00,3.350465440522665972e+01,3.670914766092793968e+01,1.666234897033213258e+00,2.549994273284707624e+00,3.670914766092793968e+01,1.666234897033213258e+00,3.509408655975360602e+01,2.332528107957315466e+00
1.788789083466833517e+03,2.107946717660752256e+00,3.351583925074097436e+01,3.672126312402392045e+01,1.665822065713768785e+00,2.549994190595864296e+00,3.672126312402392045e+01,1.665822065713768785e+00,3.510577039304730107e+01,2.332307795425362595e+00
1.790897030184494270e+03,2.107946717660752256e+00,3.352702517207506361e+01,3.673336975371659463e+01,1.665409587749596465e+00,2.549994106906323221e+00,3.673336975371659463e+01,1.665409587749596465e+00,3.511745442396932049e+01,2.332087540696909489e+00
1.793004976902155022e+03,2.107946717660752256e+00,3.353821224813669488e+01,3.674546802048711669e+01,1.664997462459584909e+00,2.549994022206514721e+00,3.674546802048711669e+01,1.664997462459584909e+00,3.512913867376420995e+01,2.331867343724329800e+00
1.795112923619815774e+03,2.107946717660752256e+00,3.354940056001117910e+01,3.675755835870356236e+01,1.664585689166316218e+00,2.549993936486805168e+00,3.675755835870356236e+01,1.664585689166316218e+00,3.514082316255907301e+01,2.331647204460091327e+00
1.797612923619815774e+03,2.500000000000000000e+00,3.356267148253910904e+01,3.677188763151583828e+01,1.664097786244612465e+00,2.549993833488808814e+00,3.677188763151583828e+01,1.664097786244612465e+00,3.515468116479547689e+01,2.331386196624148255e+00
1.800000000000000000e+03,2.387076380184225854e+00,3.357534482599830028e+01,3.678556034669035313e+01,1.663632381783155756e+00,2.549993733776639626e+00,3.678556034669035313e+01,1.663632381783155756e+00,3.516791357518411587e+01,2.331137053987050400e+00
